frame,MLTx,MLTy,MLTz,MLTR1,MLTR2,MLTR3,MLTR4,MLTR5,MLTR6,MLTR7,MLTR8,MLTR9,MLTTVx,MLTTVy,MLTTVz,MLTRVx,MLTRVy,MLTRVz,MLGA,MRTx,MRTy,MRTz,MRTR1,MRTR2,MRTR3,MRTR4,MRTR5,MRTR6,MRTR7,MRTR8,MRTR9,MRTTVx,MRTTVy,MRTTVz,MRTRVx,MRTRVy,MRTRVz,MRGA,SLTx,SLTy,SLTz,SLTR1,SLTR2,SLTR3,SLTR4,SLTR5,SLTR6,SLTR7,SLTR8,SLTR9,SLTTVx,SLTTVy,SLTTVz,SLTRVx,SLTRVy,SLTRVz,SLGA,SRTx,SRTy,SRTz,SRTR1,SRTR2,SRTR3,SRTR4,SRTR5,SRTR6,SRTR7,SRTR8,SRTR9,SRTTVx,SRTTVy,SRTTVz,SRTRVx,SRTRVy,SRTRVz,SRGA
271,0.168002,-0.013375,0.32481,-0.473992,-0.215338,-0.853819,-0.151251,-0.935321,0.319797,-0.866874,0.280984,0.411831,0.015661,0.017862,0.017004,0.015156,0.124318,-0.06047,-1.100742,-0.126009,-0.0203,0.335056,-0.411157,-0.803642,0.430234,0.911471,-0.359822,0.199204,-0.004777,0.475059,0.879863,-0.03123,0.012278,-0.098407,-0.201107,0.404918,0.360564,-1.406391,0.064658,0.034507,-0.012446,0.421396,0.803765,0.419982,-0.906612,0.384553,0.173702,-0.02189,-0.453958,0.890753,-0.015462,0.005338,-0.049925,0.27371,0.169559,0.224467,-0.944597,0.083785,0.032717,-0.062732,0.494107,0.297222,-0.817016,0.003017,0.939155,0.34348,0.869395,-0.172181,0.463146,0.007821,0.008874,0.008443,-0.014066,0.139765,-0.109815,-1.065817
272,0.168503,-0.012731,0.325763,-0.49853,-0.233889,-0.834751,-0.132113,-0.931178,0.339744,-0.856148,0.27994,0.434363,0.001702,0.012788,0.031245,-0.030912,0.510401,-0.370283,-1.149195,-0.127139,-0.019803,0.331269,-0.419757,-0.781188,0.462104,0.907202,-0.375469,0.189583,0.02592,0.499781,0.865685,-0.031554,0.013612,-0.097849,-0.012231,1.217294,0.138961,-1.406366,0.064088,0.03475,-0.014386,0.429286,0.782035,0.451812,-0.901637,0.400192,0.163999,-0.052558,-0.477773,0.876909,-0.015652,0.006215,-0.049474,1.294546,2.34407,-0.915065,-0.965498,0.084042,0.033047,-0.062262,0.513563,0.31806,-0.796925,-0.016371,0.932224,0.361509,0.857894,-0.172611,0.483963,0.008005,0.011757,0.011152,-0.451944,1.841496,-2.130363,-1.09276
273,0.169238,-0.012257,0.326994,-0.517465,-0.247609,-0.819124,-0.114807,-0.928488,0.35313,-0.847346,0.277076,0.453057,0.030493,0.013808,0.031319,-0.183594,0.703736,-0.83514,-1.156839,-0.128773,-0.019908,0.327751,-0.425609,-0.755185,0.498541,0.903669,-0.382682,0.192017,0.046295,0.533187,0.844649,-0.057684,-0.014031,-0.083892,-0.375462,0.60546,0.122003,-1.405863,0.063259,0.034704,-0.016181,0.434606,0.755133,0.490805,-0.897652,0.407403,0.168054,-0.073052,-0.51361,0.854907,-0.028768,-0.007152,-0.042046,-0.371938,0.593287,0.126995,-0.955211,0.084405,0.033294,-0.061628,0.530162,0.333406,-0.779594,-0.033999,0.927065,0.373354,0.847213,-0.171433,0.502831,0.015361,0.001525,0.019966,-0.661027,1.735425,-2.431316,-1.104517
274,0.16989,-0.012116,0.327776,-0.527745,-0.246751,-0.8128,-0.113103,-0.927953,0.355081,-0.841205,0.279624,0.462831,0.030648,0.004043,0.04072,-0.012026,0.360165,-0.134371,-1.16919,-0.129773,-0.020118,0.326057,-0.439895,-0.737466,0.512472,0.896415,-0.394229,0.202379,0.053323,0.549336,0.833816,-0.058273,-0.010865,-0.081195,-0.568883,0.980762,0.266768,-1.405613,0.062798,0.0346,-0.016974,0.447462,0.739102,0.503493,-0.890664,0.419039,0.176419,-0.080592,-0.527384,0.845795,-0.021774,-0.004865,-0.040932,0.447564,1.055011,1.39952,-0.950639,0.084714,0.033368,-0.061255,0.54005,0.334503,-0.772303,-0.036007,0.925968,0.375881,0.840861,-0.175186,0.512113,0.015332,0.00242,0.020731,-0.008038,0.468132,-0.143951,-1.100761
275,0.171222,-0.012092,0.329438,-0.554387,-0.247757,-0.794554,-0.108313,-0.925078,0.363964,-0.824514,0.288141,0.48701,0.030612,-0.008387,0.047492,-0.64111,2.082644,-2.247087,-1.238523,-0.131539,-0.020614,0.323296,-0.475686,-0.694452,0.539862,0.875003,-0.435881,0.210502,0.089716,0.573383,0.814277,-0.057852,-0.01652,-0.068216,-0.194077,0.900997,0.414441,-1.405168,0.061878,0.034341,-0.018418,0.482327,0.694613,0.533734,-0.868101,0.460605,0.185048,-0.117304,-0.552589,0.825157,-0.028896,-0.008109,-0.033915,-0.28117,0.975507,0.462166,-0.948679,0.085409,0.03339,-0.060387,0.564874,0.338417,-0.752589,-0.040886,0.922392,0.384084,0.824163,-0.186189,0.534871,0.015315,-0.004299,0.023636,-0.636646,2.080887,-2.235858,-1.112191
276,0.172532,-0.012726,0.331177,-0.587854,-0.257888,-0.76679,-0.095115,-0.919236,0.382009,-0.802649,0.297814,0.516807,0.030064,-0.017515,0.038823,-0.212315,0.976677,-0.761502,-1.260304,-0.133628,-0.021369,0.321022,-0.500866,-0.64577,0.576285,0.854987,-0.472403,0.213931,0.134703,0.600675,0.787977,-0.056478,-0.029393,-0.042803,-0.494951,0.82651,-0.208366,-1.397791,0.060855,0.033967,-0.019548,0.506293,0.645845,0.571445,-0.846929,0.497192,0.188442,-0.162414,-0.579381,0.79871,-0.028896,-0.008984,-0.025281,-0.621666,0.972031,-0.090176,-0.946883,0.086065,0.033084,-0.059507,0.595567,0.352402,-0.721881,-0.0544,0.914268,0.401438,0.801461,-0.199813,0.563679,0.014985,-0.009188,0.018989,-0.268011,0.971238,-0.827912,-1.099291
277,0.174099,-0.014322,0.332904,-0.600751,-0.262096,-0.75528,-0.073327,-0.922699,0.378447,-0.795342,0.283056,0.536039,0.04428,-0.051901,0.043707,1.275275,0.116461,-0.919129,-1.250692,-0.135642,-0.022257,0.319334,-0.515158,-0.619339,0.592472,0.844737,-0.483532,0.229239,0.145135,0.61935,0.771495,-0.042285,-0.026442,-0.042111,-1.299053,-1.123767,1.63991,-1.378454,0.059842,0.033532,-0.020381,0.517603,0.619743,0.589919,-0.837551,0.50794,0.201258,-0.174915,-0.598259,0.781978,-0.021865,-0.006895,-0.024305,0.62493,1.138754,1.09669,-0.944434,0.086832,0.032313,-0.058653,0.60627,0.357742,-0.710251,-0.074444,0.914715,0.397182,0.791766,-0.187925,0.581196,0.021988,-0.026271,0.021448,4.3366,-1.270208,-2.688243,-1.092106
278,0.174863,-0.015425,0.33373,-0.605621,-0.251982,-0.754834,-0.075921,-0.925932,0.369942,-0.791394,0.281661,0.542577,0.044433,-0.06678,0.048548,0.829136,-0.780851,2.301712,-1.24748,-0.136408,-0.02271,0.318434,-0.525069,-0.611632,0.591778,0.837777,-0.493521,0.233454,0.149912,0.619121,0.770765,-0.042326,-0.02758,-0.043569,0.060368,0.268979,-0.197003,-1.339729,0.059459,0.033309,-0.020826,0.529783,0.610704,0.588531,-0.829367,0.518196,0.208859,-0.177423,-0.598759,0.78103,-0.021112,-0.013991,-0.021953,0.323071,0.405423,-0.13909,-0.934963,0.087214,0.031765,-0.058244,0.612883,0.351327,-0.707772,-0.074305,0.917374,0.391027,0.786671,-0.187063,0.588349,0.014975,-0.034029,0.02386,0.136943,1.077161,0.028699,-1.088024
279,0.175958,-0.018087,0.335576,-0.620126,-0.228723,-0.75045,-0.070287,-0.936524,0.343446,-0.7806,0.266006,0.565625,0.030202,-0.068103,0.047845,0.254229,1.319147,0.264218,-1.243962,-0.13789,-0.023743,0.31663,-0.539935,-0.576074,0.613677,0.817298,-0.532905,0.219024,0.20152,0.620535,0.757753,-0.029244,-0.014018,-0.051568,1.392153,1.164521,0.532654,-1.29602,0.058702,0.032779,-0.021749,0.542726,0.575817,0.611459,-0.808112,0.556407,0.1933,-0.228915,-0.599037,0.767301,-0.014603,-0.006927,-0.02566,1.459388,1.197454,0.487248,-0.909816,0.087766,0.030423,-0.057332,0.627722,0.329254,-0.705375,-0.079179,0.92845,0.362919,0.774399,-0.171962,0.608879,0.007842,-0.034463,0.023737,0.168032,0.899118,0.150773,-1.088841
280,0.176478,-0.020623,0.337504,-0.63306,-0.220882,-0.741952,-0.048341,-0.945289,0.322591,-0.771828,0.240355,0.588675,0.016018,-0.06466,0.051603,0.115054,0.797021,-0.106452,-1.227382,-0.139028,-0.024254,0.315106,-0.538412,-0.546201,0.641693,0.808155,-0.550235,0.209908,0.23909,0.632285,0.736827,-0.029136,-0.01313,-0.030722,-0.229892,0.457083,-0.097994,-1.283907,0.058135,0.032511,-0.022524,0.539983,0.546497,0.640123,-0.798276,0.573593,0.183696,-0.266782,-0.610188,0.745987,-0.014584,-0.006067,-0.014791,-0.244174,0.450092,-0.087462,-0.918797,0.088031,0.029144,-0.056378,0.643122,0.321263,-0.695113,-0.100445,0.935288,0.339333,0.759146,-0.148411,0.633774,0.000618,-0.026875,0.021737,0.441341,0.56981,0.437294,-1.086881
281,0.176646,-0.021782,0.338441,-0.639038,-0.214704,-0.738632,-0.047006,-0.947568,0.316033,-0.766966,0.236938,0.596364,0.001319,-0.053555,0.043725,0.241437,0.177734,0.156676,-1.21877,-0.139535,-0.024339,0.314501,-0.539427,-0.531019,0.653473,0.80218,-0.559833,0.207431,0.256346,0.63676,0.727108,-0.03079,0.001762,-0.034866,-0.147807,0.598097,-0.392951,-1.254449,0.057893,0.032469,-0.022813,0.540857,0.53145,0.651946,-0.791814,0.583167,0.181509,-0.28373,-0.614391,0.73622,-0.007343,-0.003514,-0.013005,-0.129616,0.45188,0.069375,-0.918797,0.088121,0.028561,-0.055906,0.650578,0.315612,-0.69075,-0.101495,0.937528,0.332775,0.752626,-0.146388,0.641968,0.008023,-0.032155,0.025981,0.873811,-0.909682,1.602132,-1.086881
282,0.176825,-0.023853,0.340104,-0.646548,-0.205544,-0.734692,-0.043749,-0.951455,0.304616,-0.760837,0.229342,0.607088,0.001025,-0.043826,0.034133,0.034114,0.720662,-0.39322,-1.21833,-0.140458,-0.024514,0.31339,-0.549887,-0.49369,0.673711,0.781183,-0.589302,0.205939,0.296022,0.640149,0.708832,-0.014824,-0.00661,-0.025733,3.429926,1.853528,3.594959,-1.189687,0.057419,0.032391,-0.023371,0.548752,0.495932,0.672994,-0.771393,0.61067,0.17898,-0.322216,-0.617359,0.717665,-0.007451,-0.003074,-0.012648,3.366953,1.916701,3.635147,-0.902795,0.08821,0.027525,-0.055068,0.657325,0.307787,-0.687888,-0.103932,0.941097,0.321768,0.746406,-0.140012,0.650595,0.00061,-0.027427,0.021292,0.121286,0.827895,-0.167399,-1.092596
283,0.176811,-0.025423,0.341174,-0.646457,-0.201827,-0.735802,-0.04165,-0.953613,0.298092,-0.761033,0.223595,0.608985,0.000605,-0.036848,0.021926,-0.102945,0.15167,-0.246164,-1.21853,-0.141263,-0.024778,0.312269,-0.558866,-0.449734,0.696706,0.753528,-0.626046,0.200488,0.346687,0.637594,0.687855,-0.02968,-0.009123,-0.026738,-0.162025,0.733964,-0.272223,-1.128116,0.057027,0.032267,-0.023916,0.557458,0.45111,0.696951,-0.741508,0.648092,0.173611,-0.373371,-0.613576,0.695785,-0.00737,-0.003959,-0.013638,-0.005674,0.905569,0.081933,-0.876178,0.088203,0.026741,-0.054525,0.658919,0.303571,-0.688236,-0.105995,0.94329,0.314592,0.744708,-0.134341,0.653729,0.000285,-0.01829,0.011086,-0.129018,0.10097,-0.235394,-1.097005
284,0.177,-0.026574,0.341755,-0.65021,-0.200447,-0.732867,-0.040792,-0.953978,0.297042,-0.757874,0.223278,0.613026,0.014893,-0.026909,0.011987,0.057232,0.271953,0.091701,-1.216741,-0.142292,-0.025068,0.311234,-0.575792,-0.390499,0.718308,0.709633,-0.674918,0.202088,0.406587,0.626583,0.664789,-0.044777,-0.009188,-0.025059,4.111993,1.795618,3.743929,-1.094488,0.056518,0.032121,-0.024436,0.570145,0.394867,0.720426,-0.700804,0.691385,0.175666,-0.428728,-0.605033,0.670915,-0.014923,-0.003808,-0.012587,0.957614,1.033692,0.731123,-0.874872,0.088298,0.026149,-0.054229,0.661917,0.303569,-0.685354,-0.10698,0.943221,0.314466,0.741902,-0.134831,0.65681,0.007431,-0.013495,0.005954,0.11481,0.347486,0.115953,-1.097168
285,0.177157,-0.027001,0.341915,-0.650741,-0.197223,-0.73327,-0.041865,-0.9549,0.293915,-0.75736,0.2222,0.614053,0.014616,-0.016767,0.00267,0.045174,0.167453,0.063817,-1.215914,-0.143108,-0.025145,0.310712,-0.579454,-0.361892,0.730246,0.690504,-0.693854,0.204219,0.433487,0.623024,0.650995,-0.046214,0.003877,-0.031136,-0.179166,0.775625,0.008181,-1.094703,0.056111,0.032075,-0.024698,0.575256,0.363735,0.73265,-0.676991,0.714423,0.176869,-0.459089,-0.597743,0.657221,-0.022442,-0.003994,-0.011882,-0.07993,1.15447,0.149574,-0.886302,0.08837,0.025941,-0.05415,0.663263,0.300205,-0.685534,-0.105969,0.944462,0.311066,0.740845,-0.133674,0.658239,0.007304,-0.008181,0.001519,0.081257,0.125942,0.25965,-1.098148
286,0.177535,-0.027538,0.341837,-0.651449,-0.193422,-0.733653,-0.043908,-0.955734,0.290888,-0.756635,0.221947,0.615037,0.014231,-0.009602,-0.009458,0.007879,-0.089194,0.18236,-1.213365,-0.144911,-0.025286,0.309777,-0.596506,-0.312553,0.739245,0.647413,-0.731663,0.213214,0.474966,0.60617,0.637832,-0.045158,-0.005988,-0.021731,0.855596,0.308639,1.07736,-1.098584,0.055209,0.03201,-0.025166,0.589992,0.313981,0.743857,-0.634298,0.750279,0.186403,-0.499574,-0.581803,0.641817,-0.022612,-0.002688,-0.010487,3.1193,-0.2709,5.03876,-0.917164,0.088554,0.025678,-0.054177,0.664794,0.296447,-0.685688,-0.103884,0.945657,0.308122,0.739768,-0.133606,0.659463,0.00713,-0.004366,-0.004325,-0.005695,-0.109118,0.174444,-1.098801
287,0.178416,-0.027963,0.341338,-0.650872,-0.191344,-0.73471,-0.046077,-0.955987,0.289719,-0.757003,0.222655,0.614328,0.028731,-0.014163,-0.014275,0.000247,-0.002893,0.007912,-1.18536,-0.146949,-0.025873,0.308879,-0.63667,-0.263215,0.724818,0.585309,-0.776811,0.23219,0.50271,0.5724,0.647691,-0.058696,-0.024744,-0.020538,0.027869,-0.347913,0.71881,-1.104267,0.054195,0.031734,-0.025605,0.629478,0.263437,0.730998,-0.570625,0.795269,0.204778,-0.527394,-0.546029,0.650927,-0.029896,-0.00745,-0.01504,0.180023,-1.345572,2.764668,-0.935779,0.088994,0.025466,-0.054426,0.664389,0.294407,-0.686957,-0.101642,0.946199,0.307206,0.740442,-0.13428,0.658568,0.014371,-0.007001,-0.007073,0.003575,-0.007337,0.010857,-1.093903
288,0.179009,-0.028257,0.341026,-0.649871,-0.189389,-0.736101,-0.047506,-0.956451,0.287951,-0.757774,0.22233,0.613494,0.04336,-0.015768,-0.016326,0.007124,-0.109101,0.214021,-1.185454,-0.148158,-0.026293,0.3084,-0.662628,-0.233323,0.711672,0.547774,-0.7989,0.248266,0.511442,0.554635,0.656255,-0.058904,-0.023657,-0.019471,1.106372,0.136927,1.440321,-1.142157,0.053612,0.031527,-0.025843,0.653561,0.236463,0.718987,-0.537444,0.81386,0.220873,-0.532927,-0.530769,0.658992,-0.030017,-0.006301,-0.013813,-0.910654,-1.912846,2.138005,-0.947047,0.089274,0.025324,-0.054576,0.663766,0.292504,-0.68837,-0.100302,0.946854,0.305623,0.741183,-0.133817,0.657829,0.014368,-0.007801,-0.007858,0.007446,-0.095355,0.184108,-1.092596
289,0.180219,-0.028897,0.340391,-0.651015,-0.184634,-0.736298,-0.054582,-0.956079,0.287934,-0.756315,0.227862,0.613265,0.028795,-0.016962,-0.017113,0.000264,-0.002924,0.007952,-1.187778,-0.150154,-0.027003,0.307874,-0.696469,-0.190423,0.691854,0.49157,-0.828898,0.266872,0.523514,0.526202,0.670006,-0.043318,-0.026477,-0.0039,3.907837,1.100355,3.994411,-1.21488,0.052588,0.031155,-0.02613,0.687169,0.192271,0.700592,-0.480939,0.843173,0.240323,-0.544514,-0.502085,0.671873,-0.029714,-0.008503,-0.006031,0.175981,-0.515538,0.386214,-0.965498,0.089896,0.024995,-0.054903,0.665496,0.287824,-0.688674,-0.093176,0.947477,0.305948,0.740563,-0.139439,0.65736,0.014401,-0.008603,-0.008691,0.007256,-0.09482,0.184083,-1.097005
290,0.181829,-0.029515,0.339672,-0.653215,-0.181008,-0.735249,-0.061407,-0.955152,0.289629,-0.753891,0.234559,0.613724,0.057982,-0.006128,-0.026966,0.03797,-0.042914,0.086611,-1.190741,-0.152513,-0.028307,0.307554,-0.720215,-0.158835,0.675317,0.438098,-0.858817,0.2654,0.538706,0.487202,0.687237,-0.072167,-0.049441,-0.005949,0.638688,-0.567978,0.254653,-1.220847,0.051418,0.030531,-0.026267,0.711096,0.154826,0.685836,-0.422008,0.874191,0.240205,-0.562362,-0.460237,0.686971,-0.02853,-0.024364,-0.003417,1.464369,-0.325923,1.04899,-0.965988,0.09069,0.024679,-0.055261,0.668123,0.284591,-0.687472,-0.086457,0.947395,0.308167,0.739009,-0.146457,0.657582,0.021818,-0.008418,-0.008858,0.004349,-0.021291,0.0411,-1.096189
291,0.183592,-0.030042,0.339086,-0.656106,-0.183651,-0.732012,-0.061544,-0.953696,0.294359,-0.751364,0.238405,0.615339,0.043896,-0.011394,-0.012596,-1.079579,1.52093,-1.986029,-1.198816,-0.154916,-0.030454,0.307191,-0.73771,-0.117895,0.664738,0.369985,-0.894115,0.252197,0.565529,0.432143,0.702348,-0.057467,-0.052859,-0.012102,0.726857,-0.290355,-0.039632,-1.278421,0.05019,0.029435,-0.026456,0.728289,0.114108,0.675701,-0.352441,0.908002,0.226533,-0.587689,-0.403127,0.701504,-0.028719,-0.026643,-0.006259,0.778354,-0.333068,-0.08024,-0.97056,0.091593,0.024406,-0.055572,0.670072,0.286915,-0.684603,-0.086243,0.946124,0.312105,0.737268,-0.15009,0.658716,0.021999,-0.005452,-0.006095,-1.077012,1.520702,-1.986169,-1.097659
292,0.184316,-0.030131,0.338858,-0.658931,-0.18299,-0.729636,-0.061202,-0.95371,0.294386,-0.748915,0.238858,0.618143,0.029311,-0.006595,-0.007466,-0.00185,0.075669,-0.117349,-1.203649,-0.155934,-0.031471,0.307038,-0.742539,-0.114848,0.659876,0.354278,-0.903352,0.241609,0.569268,0.413332,0.710601,-0.042658,-0.048402,-0.008867,0.78652,-0.499512,0.138527,-1.289794,0.049681,0.028918,-0.026542,0.7331,0.110857,0.671025,-0.336357,0.916618,0.216042,-0.591124,-0.384084,0.70926,-0.021323,-0.024194,-0.004385,0.84415,-0.551802,0.094987,-0.977582,0.091943,0.024359,-0.055688,0.673281,0.286983,-0.681419,-0.086795,0.945906,0.312614,0.734274,-0.151333,0.661769,0.014474,0.001663,-0.008525,0.019285,-0.030191,0.040045,-1.097005
293,0.185572,-0.029886,0.338442,-0.665786,-0.185316,-0.722795,-0.064774,-0.950667,0.303331,-0.742524,0.248996,0.621841,0.029077,0.011942,-0.008729,-1.050774,1.486013,-1.914312,-1.205743,-0.157898,-0.033175,0.306537,-0.754152,-0.086523,0.650968,0.303044,-0.925194,0.228285,0.583451,0.369549,0.723106,-0.044039,-0.038827,-0.019214,0.547207,0.165266,-0.51279,-1.289084,0.048699,0.028069,-0.026788,0.7445,0.08261,0.66249,-0.284445,0.936992,0.202817,-0.603994,-0.33944,0.72109,-0.022013,-0.019536,-0.009714,0.566399,0.238825,-0.557203,-0.975459,0.092583,0.024476,-0.055901,0.67887,0.289674,-0.674702,-0.083211,0.943321,0.321278,0.729527,-0.161964,0.664496,0.014584,0.006316,-0.004057,-1.045065,1.480131,-1.90882,-1.095699
294,0.186573,-0.029246,0.338173,-0.674468,-0.189984,-0.713473,-0.066633,-0.946731,0.315012,-0.734479,0.260237,0.626773,0.029089,0.016561,-0.004303,-1.05834,1.593028,-2.114376,-1.204789,-0.159705,-0.03456,0.305606,-0.763959,-0.042069,0.643886,0.233467,-0.948211,0.215229,0.602428,0.314812,0.733373,-0.045395,-0.027531,-0.027593,1.301544,-0.021321,1.213223,-1.288339,0.047812,0.027383,-0.027248,0.75288,0.039037,0.656998,-0.215993,0.957607,0.190616,-0.621706,-0.285417,0.729395,-0.01456,-0.018977,-0.010078,3.85725,0.761732,4.006756,-0.973173,0.093072,0.024794,-0.05603,0.685501,0.293973,-0.666083,-0.081062,0.939989,0.331435,0.723543,-0.173206,0.668194,0.007209,0.009014,-0.001168,0.043532,-0.04529,0.083297,-1.094882
295,0.186888,-0.028925,0.338139,-0.675629,-0.191223,-0.712042,-0.065887,-0.946264,0.316568,-0.733478,0.261029,0.627615,0.014773,0.006721,0.005879,0.001844,-0.028059,0.055082,-1.204802,-0.160444,-0.03502,0.305111,-0.768323,-0.014857,0.639884,0.192365,-0.958797,0.208895,0.611365,0.283616,0.738686,-0.04557,-0.023952,-0.023494,0.394661,-0.378801,0.028886,-1.296445,0.047443,0.027146,-0.027503,0.756542,0.010051,0.653866,-0.172937,0.967359,0.185223,-0.630663,-0.253207,0.733586,-0.015626,-0.005775,-0.015889,0.856666,-0.347033,0.176591,-0.976602,0.093235,0.024962,-0.056047,0.687427,0.297142,-0.662684,-0.082571,0.93853,0.335175,0.721543,-0.17569,0.669706,0.007193,0.008736,-0.001437,0.040304,-0.029593,0.054422,-1.094719
296,0.187452,-0.028386,0.33809,-0.681553,-0.197733,-0.70458,-0.063325,-0.943267,0.325899,-0.728203,0.266975,0.631247,0.029017,0.01689,-0.004024,0.029737,-0.040573,0.087996,-1.211799,-0.161837,-0.035505,0.304168,-0.770258,0.0269,0.637159,0.128947,-0.971834,0.197093,0.625467,0.233948,0.74426,-0.031482,-0.005293,-0.024551,0.200831,-0.258826,-0.04181,-1.352551,0.046741,0.026893,-0.027979,0.757677,-0.031592,0.651864,-0.108922,0.978697,0.174034,-0.643476,-0.202864,0.738095,-0.023388,-0.002717,-0.011492,0.252504,-0.210178,-0.257802,-0.986073,0.093512,0.025233,-0.056063,0.691959,0.304273,-0.654682,-0.085321,0.934954,0.344355,0.716876,-0.182422,0.672911,0.007369,0.002868,0.002446,-0.025032,0.022032,-0.019403,-1.099455
297,0.188092,-0.027795,0.338101,-0.689128,-0.206443,-0.694643,-0.059489,-0.939224,0.338071,-0.721363,0.274549,0.635834,0.014311,0.018348,-0.002054,0.031629,0.054132,-0.101271,-1.214047,-0.163085,-0.035916,0.303583,-0.75957,0.049309,0.648547,0.093562,-0.978402,0.184145,0.64456,0.2005,0.737703,-0.030627,-0.011283,-0.010301,4.838483,2.949657,2.415156,-1.362552,0.046129,0.026694,-0.028272,0.748262,-0.050233,0.661498,-0.078582,0.983397,0.163566,-0.658732,-0.174373,0.731891,-0.014818,-0.011231,-0.001072,-0.064261,0.16675,-0.29462,-0.986889,0.093838,0.025527,-0.056059,0.69759,0.313539,-0.644251,-0.089241,0.930189,0.356067,0.710917,-0.190896,0.676871,0.007155,0.009121,-0.001086,0.042653,-0.04541,0.083156,-1.098964
298,0.188668,-0.027443,0.338029,-0.689616,-0.206452,-0.694156,-0.059634,-0.939074,0.338462,-0.720885,0.275056,0.636158,0.01466,0.001027,0.000372,0.006934,-0.107286,0.205488,-1.211717,-0.164062,-0.036183,0.303367,-0.760516,0.072464,0.645257,0.066237,-0.979844,0.188285,0.646837,0.185854,0.739543,-0.030696,-0.003634,-0.001104,2.294192,-0.7091,5.448306,-1.364057,0.04564,0.026551,-0.028392,0.746037,-0.070923,0.662115,-0.052025,0.985065,0.164135,-0.663867,-0.156897,0.731205,-0.015342,-0.001857,-0.000582,0.095707,0.063096,0.046713,-0.980521,0.094125,0.02572,-0.056087,0.698068,0.313736,-0.643638,-0.089257,0.930013,0.356522,0.710446,-0.191427,0.677215,0.00712,0.005664,-0.004399,0.037045,-0.025297,0.0497,-1.097332
299,0.189071,-0.027336,0.33797,-0.690272,-0.206785,-0.693404,-0.059834,-0.938713,0.339427,-0.72024,0.276037,0.636462,0.014658,0.001357,0.000682,0.000187,-0.013591,0.028084,-1.21489,-0.164654,-0.036146,0.303362,-0.763534,0.087612,0.63979,0.053459,-0.978709,0.198001,0.644461,0.185283,0.741756,-0.030699,-6.8e-05,0.003188,-0.047404,0.087916,-0.012821,-1.377845,0.045321,0.026567,-0.028395,0.749529,-0.092103,0.655531,-0.033439,0.983741,0.176451,-0.661125,-0.154176,0.734263,-0.015344,0.00039,0.002126,-0.024616,0.085682,-0.035276,-0.974479,0.094333,0.025769,-0.05612,0.698601,0.31404,-0.642911,-0.088981,0.92969,0.357433,0.709956,-0.192496,0.677426,0.00733,0.000575,0.000231,0.003134,-0.017666,0.032981,-1.100761
300,0.190076,-0.026958,0.337989,-0.698552,-0.216004,-0.682212,-0.056253,-0.933841,0.353199,-0.712504,0.285367,0.641039,0.014655,0.007722,0.006743,-1.093082,1.511748,-1.960117,-1.225421,-0.165806,-0.03585,0.30355,-0.760483,0.112776,0.639483,0.024041,-0.97917,0.201451,0.649823,0.168443,0.741094,-0.030651,0.006544,0.011115,0.314591,0.117885,0.336078,-1.393554,0.044745,0.026716,-0.0283,0.745842,-0.116954,0.655774,-0.004208,0.983618,0.180209,-0.666108,-0.137168,0.733132,-0.015326,0.003667,0.006054,0.327842,0.106577,0.330911,-0.976765,0.094829,0.025944,-0.056124,0.703906,0.322413,-0.632902,-0.092083,0.924946,0.368773,0.704298,-0.201303,0.680764,0.014429,0.009428,-0.001136,0.044307,-0.061047,0.114042,-1.102067
301,0.190981,-0.026509,0.338134,-0.702134,-0.215919,-0.678551,-0.055776,-0.933328,0.354627,-0.709011,0.287106,0.644128,0.029245,0.007393,0.005759,0.002061,-0.029229,0.059209,-1.224233,-0.166888,-0.035421,0.304116,-0.754813,0.146509,0.639362,-0.016462,-0.978592,0.204988,0.656643,0.14403,0.740229,-0.030554,0.011497,0.01696,0.00362,0.02258,-0.02123,-1.383866,0.044222,0.026924,-0.028027,0.739347,-0.150779,0.656225,0.036432,0.982135,0.184616,-0.672338,-0.112588,0.731631,-0.015282,0.006479,0.009378,0.107128,0.01875,0.094132,-0.973336,0.095277,0.026176,-0.056044,0.708193,0.324281,-0.627139,-0.093237,0.923452,0.372211,0.699834,-0.205125,0.684218,0.007084,0.009521,-0.000749,0.034827,-0.044066,0.075179,-1.100434
302,0.191428,-0.026298,0.338229,-0.702876,-0.216413,-0.677626,-0.055887,-0.932867,0.355821,-0.708267,0.288232,0.644443,0.029218,0.008516,0.006807,0.002836,-0.042876,0.084582,-1.22592,-0.167309,-0.035133,0.304552,-0.751552,0.156935,0.640729,-0.027925,-0.97792,0.206947,0.659989,0.137453,0.738501,-0.014255,0.006725,0.031096,-0.114919,0.099444,0.101286,-1.384233,0.044005,0.027063,-0.027821,0.736023,-0.16063,0.657622,0.047705,0.981332,0.186306,-0.675273,-0.105753,0.729946,-0.015247,0.008724,0.01202,-0.141249,0.1834,0.135348,-0.97252,0.095495,0.026276,-0.056001,0.708791,0.324921,-0.62613,-0.093173,0.922948,0.373477,0.699237,-0.206379,0.684452,0.014609,0.004159,0.003296,0.003862,-0.045532,0.086627,-1.100271
303,0.19242,-0.02585,0.338424,-0.709312,-0.223197,-0.668659,-0.05359,-0.928747,0.366782,-0.702,0.296269,0.647647,0.014557,0.008892,0.007771,-0.000832,-0.02444,0.050133,-1.231,-0.167561,-0.034283,0.305752,-0.744956,0.178716,0.642722,-0.051679,-0.975944,0.211652,0.66601,0.124243,0.735431,0.000194,0.026194,0.030989,-0.019272,0.07387,-0.08594,-1.387025,0.043868,0.027479,-0.027222,0.728471,-0.182632,0.660283,0.071322,0.978791,0.192042,-0.681352,-0.092805,0.726047,8.4e-05,0.013529,0.016022,0.018402,-0.05622,0.06927,-0.970071,0.096001,0.026503,-0.055901,0.713687,0.332298,-0.616626,-0.095567,0.918271,0.384244,0.693914,-0.215301,0.687115,0.014576,0.004677,0.003761,-0.0002,-0.038655,0.078018,-1.101741
304,0.193302,-0.025497,0.338632,-0.71398,-0.22433,-0.66329,-0.05282,-0.927349,0.370413,-0.697311,0.299776,0.65109,0.014543,0.006067,0.005069,0.003323,-0.009554,0.032198,-1.236053,-0.167559,-0.033457,0.306901,-0.737428,0.199431,0.645305,-0.074579,-0.973546,0.215826,0.67219,0.110791,0.731949,0.000147,0.021314,0.024958,0.020363,-0.01366,0.120027,-1.387073,0.043869,0.027929,-0.026604,0.720432,-0.203052,0.663134,0.094076,0.975953,0.196632,-0.687115,-0.079275,0.72221,5.6e-05,0.010528,0.012329,0.046475,-0.045623,0.102112,-0.967948,0.096448,0.026688,-0.055789,0.717882,0.333735,-0.610955,-0.096363,0.91679,0.387569,0.689463,-0.219355,0.690306,0.007268,0.00298,0.00247,-0.00968,-0.028465,0.030832,-1.096842
305,0.1943,-0.025125,0.338724,-0.71777,-0.227954,-0.657943,-0.051823,-0.924802,0.376864,-0.693485,0.304876,0.652806,0.043175,0.017604,-0.004287,-1.076417,1.48024,-1.902323,-1.241465,-0.167506,-0.032886,0.307912,-0.730675,0.209766,0.649695,-0.085284,-0.97215,0.218139,0.678264,0.103729,0.727366,0.000108,0.017005,0.019747,-0.00166,-0.021284,0.05454,-1.386639,0.043895,0.028209,-0.026113,0.713403,-0.213146,0.667551,0.104771,0.974354,0.19914,-0.692877,-0.072127,0.717438,3.9e-05,0.008672,0.010073,0.018367,-0.046705,0.040713,-0.981174,0.09692,0.026862,-0.055746,0.719838,0.33633,-0.607218,-0.09672,0.914841,0.392059,0.68737,-0.223489,0.691067,0.014295,0.008902,-0.001724,0.034429,-0.047771,0.096244,-1.097985
306,0.195025,-0.024826,0.33873,-0.721948,-0.232334,-0.651811,-0.050029,-0.921976,0.383964,-0.689267,0.310095,0.654812,0.043101,0.019636,-0.002405,-0.295847,0.393247,-0.470357,-1.240459,-0.167488,-0.032658,0.308302,-0.72709,0.217328,0.651229,-0.096619,-0.971456,0.216497,0.680592,0.094231,0.726483,8.8e-05,0.014422,0.016694,3.602579,1.167741,4.064759,-1.386797,0.043904,0.028326,-0.025914,0.711145,-0.216162,0.668988,0.110406,0.974089,0.197382,-0.694321,-0.066507,0.716585,2.8e-05,0.006738,0.0078,0.005584,-0.035514,0.047009,-0.98493,0.097277,0.027007,-0.055747,0.723023,0.341155,-0.600708,-0.098594,0.91161,0.399054,0.683751,-0.229299,0.692751,0.014269,0.009454,-0.001218,0.037001,-0.05058,0.100255,-1.098475
307,0.19652,-0.024124,0.338638,-0.728719,-0.239808,-0.641487,-0.045912,-0.917492,0.39506,-0.682394,0.317634,0.658388,0.043001,0.019051,-0.003025,0.03082,0.029612,-0.046379,-1.238264,-0.167571,-0.032104,0.308808,-0.723035,0.228015,0.65209,-0.108728,-0.969685,0.218687,0.683081,0.086944,0.725055,7.3e-05,0.011932,0.013738,3.586576,1.221353,4.049095,-1.383589,0.043863,0.028607,-0.025649,0.705721,-0.229749,0.670202,0.126287,0.971604,0.200091,-0.697142,-0.056571,0.714696,2.3e-05,0.005828,0.006737,3.604996,1.195712,4.036828,-0.987379,0.098057,0.027371,-0.055789,0.728902,0.350634,-0.588011,-0.103388,0.905416,0.411743,0.676766,-0.239327,0.696211,0.0215,0.009508,-0.001554,0.036909,0.021166,-0.036342,-1.098801
308,0.197906,-0.023523,0.338568,-0.730677,-0.241637,-0.638566,-0.044665,-0.916375,0.397786,-0.68038,0.319469,0.659582,0.04296,0.01664,-0.005349,0.038682,-0.053764,0.108621,-1.237504,-0.167523,-0.031645,0.309109,-0.702027,0.242551,0.669566,-0.128945,-0.967897,0.215597,0.701233,0.064726,0.709891,3.6e-05,0.006318,0.007247,-0.252939,0.532168,0.061125,-1.352793,0.043887,0.028838,-0.025497,0.684552,-0.243911,0.686945,0.148305,0.969251,0.196359,-0.713717,-0.032541,0.699676,1.1e-05,0.002804,0.003215,-0.315666,0.773251,0.219898,-0.976765,0.098734,0.02767,-0.055819,0.730401,0.352667,-0.584926,-0.10467,0.904064,0.414381,0.67495,-0.24144,0.697243,0.021744,0.003255,0.001945,0.006923,-0.061906,0.119116,-1.100761
309,0.198685,-0.023343,0.338555,-0.732297,-0.242952,-0.636207,-0.044445,-0.915177,0.400559,-0.678651,0.321901,0.660181,0.042959,0.015266,-0.006668,0.038631,-0.053643,0.108554,-1.234211,-0.167527,-0.031635,0.309278,-0.686425,0.260918,0.678773,-0.160574,-0.964692,0.208609,0.710087,0.033886,0.7032,-0.015105,0.003268,0.005252,1.190446,0.598987,1.037788,-1.339913,0.043885,0.028845,-0.02541,0.667269,-0.262194,0.697141,0.179381,0.965011,0.191245,-0.722892,-0.002558,0.690955,-0.007554,0.001404,0.002359,1.24256,0.560208,1.018913,-0.965825,0.099123,0.027761,-0.055823,0.731684,0.354143,-0.582425,-0.104908,0.902769,0.417135,0.673521,-0.24411,0.697694,0.021752,0.002377,0.001107,0.008072,-0.063485,0.121018,-1.098801
310,0.200178,-0.023231,0.338695,-0.737863,-0.240902,-0.630531,-0.045035,-0.914509,0.402017,-0.672558,0.325324,0.664724,0.028961,0.004004,0.002251,0.099192,0.194355,0.174821,-1.231976,-0.167647,-0.031967,0.30981,-0.659672,0.290865,0.69298,-0.215293,-0.956501,0.196693,0.720863,-0.019791,0.692696,0.000929,-0.007716,0.012097,3.777691,1.310949,3.452561,-1.343029,0.043825,0.028677,-0.025154,0.641594,-0.287735,0.71103,0.229378,0.956529,0.180104,-0.731944,0.047541,0.679703,-0.006654,-0.009537,0.01077,-0.052859,0.157426,-0.261127,-0.974479,0.099864,0.02782,-0.055764,0.736498,0.353375,-0.576797,-0.104655,0.901956,0.418953,0.668293,-0.248194,0.701272,0.021748,0.002027,0.000749,0.208162,0.344141,0.270826,-1.100271
311,0.201076,-0.023258,0.338861,-0.744718,-0.233155,-0.625363,-0.046765,-0.916482,0.397299,-0.664842,0.325406,0.672401,0.028966,0.003567,0.001817,0.065587,0.102323,0.159587,-1.232958,-0.167584,-0.032545,0.310576,-0.647579,0.290208,0.704565,-0.227568,-0.956033,0.184788,0.728015,-0.041021,0.684232,0.016074,-0.005112,0.013565,-0.048092,0.180732,-0.299311,-1.343307,0.04385,0.028381,-0.024778,0.627597,-0.290329,0.722378,0.247423,0.95414,0.168516,-0.738175,0.072973,0.67065,0.00091,-0.008547,0.011145,-0.057748,0.12231,-0.176861,-0.981991,0.100324,0.027803,-0.055678,0.744834,0.34569,-0.570718,-0.10292,0.904615,0.413616,0.659263,-0.249338,0.709367,0.00724,0.000853,0.000403,0.038019,0.117395,0.113772,-1.099618
312,0.20202,-0.023115,0.338958,-0.756543,-0.233806,-0.610756,-0.039817,-0.915727,0.399789,-0.65182,0.327062,0.684243,0.02891,0.004724,0.002873,-0.166852,0.964233,-0.445098,-1.230537,-0.16755,-0.033154,0.311468,-0.634249,0.303767,0.710946,-0.261997,-0.949556,0.172148,0.728161,-0.077446,0.680916,-0.013282,-0.016331,0.024652,3.864372,1.04296,3.534634,-1.352527,0.043878,0.028086,-0.024346,0.616024,-0.299796,0.728447,0.276574,0.948189,0.156341,-0.737577,0.10516,0.667023,0.00091,-0.008099,0.011654,-0.062953,0.200832,-0.334991,-0.985746,0.100785,0.027871,-0.055633,0.753114,0.347489,-0.558632,-0.108999,0.903297,0.414937,0.648797,-0.251605,0.718161,0.007203,0.001852,0.001329,-0.023183,-0.021825,0.050679,-1.094556
313,0.202453,-0.023037,0.339007,-0.757959,-0.231533,-0.609866,-0.040386,-0.916464,0.398038,-0.650139,0.32661,0.686056,0.028905,0.004592,0.002738,0.046867,0.075144,0.113129,-1.22969,-0.167586,-0.033353,0.311968,-0.630339,0.31235,0.710705,-0.28099,-0.945152,0.166333,0.724458,-0.09523,0.682609,0.001888,-0.010184,0.030132,1.204205,0.194268,0.866768,-1.374741,0.043856,0.027966,-0.024088,0.610045,-0.311318,0.728645,0.300324,0.941816,0.150954,-0.733245,0.126741,0.668047,0.000931,-0.004807,0.01539,1.204526,0.208748,0.884239,-0.992931,0.101013,0.027912,-0.055607,0.757158,0.345332,-0.554488,-0.108978,0.903719,0.414022,0.644077,-0.253053,0.721892,0.007185,0.002257,0.001707,0.029196,0.064532,0.115447,-1.093903
314,0.203069,-0.022887,0.339127,-0.75888,-0.234617,-0.607537,-0.035318,-0.916677,0.398028,-0.649359,0.323799,0.688124,0.014372,0.004204,0.00314,0.001699,-0.013019,0.030413,-1.232432,-0.167431,-0.033419,0.313554,-0.63244,0.316549,0.706971,-0.294406,-0.942369,0.158744,0.717261,-0.108121,0.688266,0.001955,0.00341,0.045345,0.228571,-0.420004,-0.437587,-1.389325,0.043934,0.027925,-0.023304,0.610472,-0.316617,0.726,0.31407,0.938248,0.145088,-0.727106,0.139443,0.672214,0.000954,0.002311,0.023362,0.193524,-0.37344,-0.41342,-1.001912,0.101326,0.027987,-0.055547,0.757433,0.348391,-0.552193,-0.113732,0.903211,0.413852,0.642929,-0.250663,0.723746,0.007173,0.002428,0.001863,-0.005724,-0.043746,0.055387,-1.100434
315,0.203636,-0.022647,0.339263,-0.761494,-0.237155,-0.603266,-0.034593,-0.914494,0.403082,-0.646332,0.328103,0.688934,0.01427,0.006433,0.005207,0.001874,-0.028247,0.054982,-1.232496,-0.167497,-0.033234,0.315295,-0.623421,0.334453,0.706739,-0.318752,-0.934029,0.161003,0.714734,-0.125304,0.68798,-0.013138,0.001996,0.044949,-0.072421,0.091806,-0.15513,-1.402988,0.043906,0.028032,-0.022433,0.602413,-0.333734,0.725065,0.338318,0.929518,0.146751,-0.722937,0.156898,0.672862,-0.006598,0.001212,0.022724,-0.054396,0.101989,-0.132527,-1.004198,0.10161,0.028104,-0.055483,0.759297,0.351282,-0.547783,-0.114514,0.900774,0.418917,0.640588,-0.255354,0.724183,0.007142,0.003002,0.002393,0.005235,-0.032495,0.057138,-1.101904
316,0.203838,-0.022534,0.339356,-0.763952,-0.236117,-0.600558,-0.034574,-0.914362,0.403384,-0.643426,0.329218,0.691119,0.014311,0.005196,0.004047,0.004572,-0.00625,0.033928,-1.231948,-0.167803,-0.033342,0.316199,-0.618719,0.345912,0.705353,-0.332136,-0.928776,0.164302,0.712716,-0.133033,0.688623,-0.013145,-0.002928,0.039355,-0.08654,0.099338,-0.185118,-1.403724,0.043757,0.027995,-0.021985,0.59744,-0.34536,0.723734,0.3517,0.923925,0.150563,-0.720675,0.164585,0.673453,-0.013684,-0.006666,0.024936,-0.138877,-0.028429,0.006078,-1.002729,0.101711,0.028163,-0.055433,0.761809,0.350438,-0.544829,-0.114631,0.900697,0.419052,0.637578,-0.256783,0.72633,0.007146,0.002757,0.002164,-0.010733,-0.025117,0.033216,-1.101577
317,0.204059,-0.022344,0.339535,-0.76456,-0.236453,-0.599652,-0.03487,-0.913774,0.404688,-0.642688,0.330607,0.691143,-0.000212,0.005218,0.004851,0.000891,-0.01353,0.02543,-1.24098,-0.168595,-0.034153,0.317916,-0.618354,0.351158,0.703077,-0.351525,-0.923666,0.152331,0.703668,-0.153378,0.693679,-0.011382,-0.030631,0.04967,0.166102,-0.494585,-0.364789,-1.405565,0.043356,0.027597,-0.021111,0.595546,-0.350907,0.722625,0.37096,0.918024,0.140069,-0.712539,0.184648,0.676898,-0.006175,-0.010383,0.02004,0.218234,-0.45155,-0.583228,-0.999789,0.101827,0.028258,-0.055344,0.762169,0.350922,-0.544012,-0.114273,0.900066,0.420501,0.63721,-0.258328,0.726104,0.007143,0.002718,0.002127,0.00312,-0.018093,0.031009,-1.103047
318,0.204639,-0.021934,0.339713,-0.770403,-0.242865,-0.589526,-0.031818,-0.908837,0.415901,-0.635835,0.339466,0.693183,0.014115,0.009024,0.007568,0.000986,-0.027144,0.053554,-1.248394,-0.169114,-0.034659,0.319676,-0.640808,0.347177,0.684707,-0.353184,-0.925174,0.138733,0.682434,-0.153345,0.714585,-0.013086,-0.002319,0.039721,0.244672,-0.53155,-0.334485,-1.406195,0.043097,0.02732,-0.020257,0.619551,-0.347455,0.703868,0.372993,0.919308,0.125492,-0.690675,0.184789,0.699156,-0.006574,-0.000878,0.020186,0.412731,-0.729673,-0.681669,-0.99685,0.102111,0.028459,-0.055259,0.766457,0.357914,-0.533329,-0.117419,0.894435,0.431506,0.631471,-0.268108,0.727572,0.013972,0.010303,-0.000591,0.043335,-0.057959,0.109958,-1.103537
319,0.20505,-0.021665,0.339799,-0.773418,-0.246263,-0.584144,-0.029935,-0.906268,0.421608,-0.632258,0.343867,0.694285,0.02791,0.020761,-0.001044,0.035634,-0.048416,0.100036,-1.251769,-0.169214,-0.03466,0.320421,-0.6489,0.344046,0.67864,-0.352795,-0.926249,0.13241,0.674951,-0.153914,0.721536,0.001969,-0.002062,0.038491,0.054315,-0.218453,-0.111048,-1.40603,0.043041,0.027323,-0.019879,0.629166,-0.343979,0.697013,0.372664,0.920451,0.117858,-0.682107,0.1856,0.707305,-0.00701,0.004093,0.015365,0.065277,-0.189928,-0.118457,-0.990645,0.102306,0.028587,-0.055214,0.768614,0.361515,-0.527767,-0.119248,0.891515,0.437011,0.628499,-0.272958,0.728342,0.014265,0.005132,0.003939,-0.026043,-0.006992,0.036715,-1.104353
320,0.20573,-0.021135,0.340053,-0.775586,-0.244605,-0.581962,-0.030257,-0.906438,0.421219,-0.629583,0.344599,0.69635,0.013976,0.010838,0.009188,0.022937,0.022409,0.081234,-1.257725,-0.169394,-0.034729,0.321574,-0.650274,0.341269,0.678728,-0.351299,-0.927187,0.129793,0.67441,-0.154446,0.721928,-0.014033,-0.000469,0.021202,-0.263785,0.397586,0.204459,-1.404311,0.042957,0.027301,-0.019275,0.631834,-0.340618,0.69625,0.371009,0.921583,0.114172,-0.680542,0.186177,0.70866,-0.006595,-0.005372,0.015191,-0.086157,0.02258,-0.003415,-0.994238,0.102652,0.028855,-0.055091,0.770853,0.360081,-0.525477,-0.119114,0.891837,0.436393,0.625776,-0.273803,0.730366,0.006967,0.00583,0.004966,0.017193,0.028005,0.091137,-1.097332
321,0.206424,-0.020484,0.340401,-0.778919,-0.247798,-0.57613,-0.029015,-0.903435,0.427709,-0.625515,0.35017,0.697236,0.027498,0.026421,0.004059,0.038608,-0.064496,0.12881,-1.268538,-0.169572,-0.034838,0.322252,-0.642204,0.335924,0.688999,-0.348328,-0.928528,0.128203,0.683619,-0.158069,0.712419,-0.014059,-0.003752,0.017617,-0.114493,0.21807,-0.131387,-1.402032,0.042868,0.027243,-0.018939,0.621329,-0.335911,0.707893,0.368042,0.922694,0.114802,-0.691733,0.189204,0.696926,0.000466,-0.001846,0.008144,-0.119391,0.138475,0.095014,-0.996687,0.102989,0.02917,-0.05492,0.773382,0.363701,-0.51923,-0.120301,0.888371,0.443084,0.622419,-0.28021,0.730804,0.006847,0.007828,0.006771,-0.001904,-0.038504,0.072771,-1.102883
322,0.20721,-0.019758,0.340907,-0.78364,-0.252961,-0.567418,-0.026278,-0.899058,0.437007,-0.619715,0.357677,0.698604,0.013516,0.017981,0.015594,-0.003442,0.051835,-0.095017,-1.275866,-0.169588,-0.034892,0.322805,-0.643466,0.328939,0.691188,-0.344689,-0.930694,0.122197,0.684279,-0.16001,0.711352,0.000953,-0.004145,0.015769,-0.002886,0.013918,-0.212641,-1.403837,0.042854,0.027212,-0.018659,0.622962,-0.328897,0.70975,0.36468,0.924794,0.108461,-0.692045,0.191265,0.696053,0.000463,-0.002341,0.007597,0.0022,0.003615,-0.218762,-0.996524,0.103398,0.029542,-0.054666,0.776728,0.369063,-0.510377,-0.122851,0.883545,0.451945,0.617737,-0.288338,0.731614,0.006744,0.009146,0.007927,0.007567,-0.047846,0.086763,-1.10468
323,0.207483,-0.019388,0.3412,-0.783547,-0.252736,-0.567648,-0.026478,-0.899158,0.436791,-0.619826,0.357585,0.698553,0.013467,0.018343,0.01587,0.002782,-0.041861,0.080368,-1.281094,-0.169599,-0.034914,0.323026,-0.647463,0.325128,0.689256,-0.343071,-0.931898,0.117483,0.681318,-0.160788,0.714014,0.000938,-0.005478,0.014329,0.117145,-0.269212,-0.147978,-1.402696,0.042849,0.027203,-0.018547,0.626554,-0.325307,0.70824,0.363092,0.925922,0.104077,-0.689632,0.191947,0.698256,1.4e-05,0.002272,0.002442,0.214743,-0.293569,-0.396338,-0.995381,0.103534,0.029729,-0.054518,0.776682,0.3689,-0.510564,-0.122738,0.883656,0.451759,0.617818,-0.288207,0.731598,0.00672,0.009303,0.008047,-0.002614,0.050868,-0.094347,-1.106802
324,0.208276,-0.018484,0.341832,-0.785673,-0.254408,-0.56395,-0.026209,-0.897059,0.4411,-0.617141,0.361652,0.698835,0.027547,0.02243,0.018617,0.003768,-0.056586,0.10991,-1.293353,-0.169811,-0.035348,0.323417,-0.6797,0.286448,0.675238,-0.294002,-0.949748,0.107124,0.672836,-0.126051,0.72888,-0.014165,-0.013108,0.007524,-3.365204,-1.307087,-4.51256,-1.399476,0.042748,0.026994,-0.018343,0.657128,-0.2923,0.694796,0.320252,0.942687,0.093698,-0.682364,0.160939,0.713076,-0.006658,-0.012405,0.007588,0.055397,-0.255787,-0.272108,-0.99636,0.103925,0.030178,-0.054204,0.778339,0.3708,-0.50665,-0.123035,0.881404,0.456057,0.615669,-0.292632,0.731653,0.013745,0.011634,0.009675,0.008261,-0.074527,0.140174,-1.105823
325,0.209711,-0.017412,0.342515,-0.789273,-0.257343,-0.557555,-0.025572,-0.893417,0.448467,-0.61256,0.368536,0.69927,0.027282,0.024014,0.019853,-0.034942,0.064352,-0.092759,-1.297411,-0.170495,-0.036029,0.323678,-0.707557,0.245076,0.662791,-0.250143,-0.96402,0.089595,0.661781,-0.102688,0.742539,-0.014231,-0.015769,0.004649,-0.183849,-0.41177,-0.448024,-1.395597,0.042406,0.02665,-0.018216,0.690083,-0.246964,0.680289,0.271802,0.959607,0.072649,-0.670752,0.13477,0.729334,-0.014641,-0.00805,0.002852,-0.991419,-0.411187,-1.497157,-0.998646,0.104643,0.030716,-0.053861,0.78107,0.373946,-0.500091,-0.123554,0.877577,0.46324,0.612096,-0.300035,0.731652,0.020797,0.012176,0.009645,-0.113099,0.072308,-0.04616,-1.105986
326,0.210362,-0.016982,0.342846,-0.789786,-0.257489,-0.55676,-0.025941,-0.892829,0.449616,-0.611883,0.369859,0.699164,0.027431,0.020259,0.016417,0.003772,-0.056599,0.109891,-1.296173,-0.170944,-0.036303,0.323775,-0.718707,0.228911,0.656546,-0.23717,-0.968286,0.078153,0.654507,-0.099813,0.749347,-0.014238,-0.015009,0.005459,0.772285,-0.079097,-0.896413,-1.394692,0.042193,0.026511,-0.018171,0.700949,-0.233715,0.673829,0.258814,0.963734,0.065036,-0.664593,0.12881,0.736018,-0.014643,-0.007692,0.00323,0.041074,-0.181583,-0.015461,-0.99636,0.104968,0.03094,-0.053687,0.781533,0.374231,-0.499156,-0.123276,0.876966,0.464471,0.611562,-0.301465,0.731511,0.020848,0.010536,0.008132,0.008379,-0.075776,0.14457,-1.105986
327,0.211462,-0.016204,0.343388,-0.792123,-0.259602,-0.552443,-0.025148,-0.890431,0.45439,-0.60889,0.374144,0.699497,0.02741,0.018702,0.014913,-0.107685,0.078886,-0.066205,-1.299254,-0.171721,-0.036702,0.324027,-0.730052,0.199101,0.653738,-0.211001,-0.975506,0.061641,0.650906,-0.093169,0.753328,-0.014205,-0.011653,0.009063,-0.967655,-0.357518,-1.458089,-1.39625,0.041793,0.026303,-0.018053,0.712876,-0.203044,0.671252,0.234643,0.97106,0.044538,-0.66087,0.125755,0.739888,-0.015081,-0.000718,0.00062,-3.425605,-0.666601,-4.416385,-1.007627,0.105518,0.031327,-0.053418,0.783223,0.37642,-0.494841,-0.123971,0.874466,0.468977,0.609254,-0.305968,0.731567,0.013351,0.014522,0.002908,-0.378447,0.528503,-0.690747,-1.106313
328,0.21252,-0.015203,0.34385,-0.794401,-0.261565,-0.548229,-0.024148,-0.888253,0.458688,-0.605957,0.377942,0.700002,0.027189,0.020113,0.016036,0.003784,-0.056641,0.109868,-1.296449,-0.172267,-0.036923,0.324266,-0.745789,0.162273,0.64611,-0.172975,-0.983742,0.047587,0.644255,-0.076456,0.76089,-0.014178,-0.009778,0.011076,0.113118,-0.434534,-0.421069,-1.396866,0.041515,0.026188,-0.01793,0.729672,-0.165699,0.663417,0.195342,0.980276,0.029988,-0.655301,0.107712,0.747648,-0.007091,-0.004767,0.005677,0.159582,-0.513267,-0.459953,-1.016608,0.106057,0.031832,-0.053183,0.784988,0.37862,-0.490345,-0.124946,0.871999,0.47329,0.606779,-0.310261,0.731816,0.013588,0.010056,0.007998,0.007476,-0.061199,0.115246,-1.103537
329,0.213123,-0.014488,0.344276,-0.79598,-0.263025,-0.545233,-0.023381,-0.886673,0.461775,-0.603914,0.380634,0.700309,-0.000914,0.013162,0.011536,0.000922,-0.026141,0.049338,-1.296825,-0.172372,-0.037038,0.324579,-0.755666,0.131886,0.641535,-0.141023,-0.989264,0.037438,0.640524,-0.062328,0.765315,0.000923,-0.00681,0.01291,0.013602,-0.097288,-0.049822,-1.397119,0.041462,0.026135,-0.017784,0.741111,-0.135152,0.657638,0.163623,0.986353,0.018315,-0.651138,0.094032,0.753111,3.5e-05,0.00191,0.00206,0.008463,-0.089027,-0.050853,-1.019547,0.106359,0.032191,-0.05297,0.786169,0.380231,-0.487197,-0.125715,0.870241,0.476314,0.605088,-0.313216,0.731958,0.006668,0.006481,0.005246,-0.004017,0.065087,-0.119976,-1.103863
330,0.213319,-0.014237,0.344496,-0.798175,-0.261575,-0.542715,-0.023662,-0.88655,0.461998,-0.601,0.381918,0.702115,0.013268,0.013857,0.011272,-0.002747,-0.017961,0.070669,-1.29953,-0.172296,-0.037172,0.324869,-0.758303,0.114421,0.641774,-0.121744,-0.991973,0.033187,0.641363,-0.053092,0.765309,0.000968,-0.00451,0.015379,0.044579,-0.154696,-0.082536,-1.397604,0.0415,0.026062,-0.017637,0.743662,-0.118013,0.658057,0.144462,0.989409,0.014181,-0.652761,0.084518,0.752834,0.000479,-0.002261,0.007686,0.062523,-0.202521,-0.110031,-1.018241,0.106457,0.032318,-0.052857,0.788484,0.37892,-0.48447,-0.125486,0.870226,0.476403,0.602117,-0.314842,0.733709,0.00664,0.006769,0.005486,-0.018176,-0.039692,0.074306,-1.104353
331,0.213841,-0.013623,0.344956,-0.79936,-0.26231,-0.540613,-0.023851,-0.885156,0.464652,-0.599418,0.38464,0.701981,0.012382,0.025773,0.003529,0.03671,-0.035769,0.074069,-1.298771,-0.172239,-0.037507,0.325738,-0.7677,0.09068,0.634354,-0.094136,-0.995118,0.028508,0.634797,-0.037925,0.77166,-0.013168,-0.012309,0.028551,0.209996,-0.504881,-0.340203,-1.396967,0.041534,0.025898,-0.017208,0.752558,-0.095628,0.651544,0.117241,0.993049,0.010333,-0.648004,0.068612,0.758539,0.000512,-0.000281,0.009799,-0.026169,-0.027189,0.021374,-1.016608,0.106713,0.032612,-0.052632,0.789337,0.379841,-0.482354,-0.125194,0.868718,0.479221,0.601058,-0.31788,0.733266,0.006526,0.008031,0.006554,0.003265,-0.043583,0.08074,-1.10468
332,0.214073,-0.01316,0.34541,-0.800179,-0.25893,-0.54103,-0.025856,-0.886319,0.462322,-0.598241,0.384247,0.703199,-0.000827,0.011407,0.009877,0.001978,-0.026842,0.050971,-1.298166,-0.172353,-0.037622,0.326749,-0.77942,0.079096,0.621482,-0.079344,-0.996435,0.027493,0.622409,-0.027963,0.782105,0.001128,0.003632,0.024007,0.047913,-0.2982,-0.063266,-1.396703,0.041472,0.025834,-0.016693,0.76636,-0.083565,0.636952,0.102345,0.994721,0.007365,-0.634206,0.059545,0.770867,0.000554,0.00204,0.012246,0.031144,-0.2634,-0.047852,-1.011056,0.106834,0.032852,-0.052405,0.790649,0.376519,-0.482811,-0.123194,0.870263,0.476932,0.599747,-0.317606,0.734458,0.006695,0.005491,0.004327,-0.00276,-0.033461,0.054509,-1.105333
333,0.214132,-0.012948,0.345576,-0.802347,-0.257459,-0.538515,-0.026133,-0.886205,0.462526,-0.59532,0.385495,0.704993,-0.000715,0.009829,0.008495,0.020219,0.037531,0.052101,-1.300802,-0.172463,-0.037518,0.32734,-0.786754,0.074708,0.612723,-0.073041,-0.996904,0.027952,0.613892,-0.022839,0.788973,-0.012942,-0.002061,0.039343,0.183117,-0.479306,-0.256097,-1.39679,0.041422,0.025882,-0.016419,0.772821,-0.080384,0.629511,0.09622,0.995319,0.00897,-0.627286,0.053639,0.776938,-0.006911,0.004278,0.01527,0.220618,-0.475111,-0.274237,-1.009587,0.106863,0.03296,-0.052321,0.792864,0.375342,-0.480086,-0.123098,0.87021,0.477054,0.596834,-0.319142,0.736163,0.006317,0.010743,-0.000133,0.044479,0.006173,0.10879,-1.105986
334,0.214579,-0.012372,0.345827,-0.804655,-0.259637,-0.534007,-0.024977,-0.883767,0.467229,-0.59225,0.389615,0.705314,0.013324,0.011416,0.008987,0.001882,-0.0283,0.054899,-1.303112,-0.173023,-0.036918,0.328705,-0.80123,0.077773,0.593274,-0.063866,-0.996927,0.04463,0.595918,-0.002212,0.802957,-0.013572,0.01602,0.038138,-1.7015,-1.856691,1.531997,-1.397996,0.041142,0.026176,-0.015734,0.787756,-0.081661,0.61055,0.086395,0.996024,0.021749,-0.609899,0.035616,0.791678,-0.014708,0.013656,0.015689,0.025915,-0.11196,0.202687,-1.00926,0.107082,0.033245,-0.052197,0.794534,0.377681,-0.475469,-0.124017,0.867455,0.481809,0.594419,-0.323848,0.736062,0.006268,0.011175,0.000219,0.040694,-0.042785,0.080158,-1.106149
335,0.215032,-0.0119,0.346042,-0.804946,-0.259368,-0.5337,-0.02562,-0.883413,0.467863,-0.591827,0.390596,0.705126,-0.000617,0.008153,0.006998,0.000919,-0.013635,0.025373,-1.307739,-0.173786,-0.035823,0.329903,-0.811781,0.095911,0.576024,-0.072256,-0.995291,0.064092,0.580469,0.010304,0.814133,-0.014244,0.029611,0.032054,-0.122501,-0.380214,0.543519,-1.40394,0.040761,0.026723,-0.015128,0.798799,-0.101854,0.592912,0.094303,0.994579,0.043806,-0.594159,0.020921,0.804074,-0.007561,0.020072,0.011589,-0.51306,-0.684322,0.714203,-1.005831,0.107313,0.033483,-0.052088,0.794802,0.37743,-0.47522,-0.12336,0.867202,0.482433,0.594197,-0.324815,0.735814,0.006738,0.00443,0.003371,0.002766,-0.029379,0.055316,-1.10223
336,0.215397,-0.011537,0.346316,-0.806753,-0.257168,-0.532033,-0.026724,-0.883566,0.467512,-0.589315,0.3917,0.706616,0.013292,0.011089,0.008645,0.002074,-0.02789,0.055167,-1.335483,-0.174674,-0.034101,0.330719,-0.819809,0.124454,0.558941,-0.0878,-0.991822,0.092268,0.566875,0.026426,0.823296,-0.030594,0.05194,0.016399,-0.006522,-0.056155,0.535143,-1.404994,0.040312,0.027598,-0.014705,0.806556,-0.131381,0.576372,0.109499,0.991322,0.072737,-0.580927,0.004446,0.813943,-0.015307,0.026099,0.008351,-0.010656,-0.018232,0.537902,-1.005668,0.107496,0.033662,-0.051953,0.796817,0.375395,-0.473456,-0.12225,0.867538,0.482111,0.591724,-0.326274,0.737161,0.006635,0.005645,0.004401,-0.002135,-0.034087,0.05521,-1.10272
337,0.215808,-0.01123,0.346484,-0.808249,-0.258559,-0.52908,-0.026084,-0.881882,0.470718,-0.587291,0.394575,0.706701,0.02636,0.025129,0.001894,0.004184,-0.011259,0.052558,-1.353917,-0.175224,-0.033032,0.33109,-0.821047,0.142363,0.552816,-0.097556,-0.989095,0.110031,0.563475,0.036247,0.825254,-0.030426,0.053616,0.017862,-0.578909,-0.379394,0.8217,-1.404869,0.040059,0.028092,-0.014533,0.806577,-0.147321,0.572476,0.118132,0.989082,0.088091,-0.579203,-0.003424,0.815175,-0.007807,0.027263,0.008792,-0.167165,0.221177,0.706979,-1.007627,0.107692,0.033804,-0.051872,0.797911,0.376985,-0.470339,-0.122895,0.865644,0.485341,0.590113,-0.329457,0.737037,0.013533,0.007664,0.005687,-0.119597,0.085543,-0.077495,-1.103373
338,0.216834,-0.010548,0.346946,-0.813132,-0.255918,-0.522846,-0.02671,-0.880859,0.472594,-0.580489,0.39856,0.710077,0.012775,0.016454,0.013125,0.024931,0.019032,0.112222,-1.37583,-0.176319,-0.03089,0.331764,-0.810427,0.170188,0.560568,-0.105268,-0.983542,0.146618,0.577305,0.059614,0.814266,-0.030964,0.064533,0.008854,-0.496422,0.763754,1.026019,-1.404975,0.0395,0.029184,-0.014181,0.797088,-0.175247,0.577874,0.125008,0.98412,0.126015,-0.590781,-0.028206,0.806337,-0.015099,0.026968,0.00887,-0.303158,0.419295,0.793176,-1.006974,0.10821,0.034148,-0.051645,0.802782,0.374902,-0.463668,-0.122497,0.864719,0.487087,0.583553,-0.334226,0.740106,0.013397,0.008744,0.006562,0.00663,0.099977,-0.046892,-1.10419
339,0.21751,-0.009782,0.347575,-0.823348,-0.245072,-0.51194,-0.028626,-0.882928,0.468604,-0.565826,0.400779,0.720585,0.01231,0.021251,0.017079,0.263158,0.788645,0.29113,-1.432159,-0.177565,-0.02864,0.33219,-0.794627,0.199559,0.573355,-0.108574,-0.97585,0.189374,0.598288,0.087992,0.796349,-0.030818,0.060121,0.004025,-0.549485,0.797383,1.055564,-1.405391,0.038889,0.030299,-0.013964,0.780253,-0.203542,0.591418,0.127061,0.977432,0.168761,-0.612421,-0.05653,0.788507,-0.015434,0.029741,0.001726,-0.405289,0.600055,0.908186,-1.004362,0.108538,0.034518,-0.051341,0.811767,0.36768,-0.4537,-0.121507,0.866249,0.48461,0.571199,-0.338263,0.747869,0.006094,0.011285,0.009087,0.127535,0.379227,0.111562,-1.111375
340,0.218008,-0.009303,0.347946,-0.826896,-0.241553,-0.507878,-0.029317,-0.883353,0.467761,-0.560597,0.401975,0.723998,0.02592,0.026043,0.020182,0.076565,0.240189,0.073525,-1.447068,-0.178083,-0.027648,0.332257,-0.787517,0.213678,0.578058,-0.112491,-0.971981,0.206236,0.606908,0.097132,0.788728,-0.030902,0.054098,-0.00207,-0.324386,0.38365,0.979428,-1.404955,0.038625,0.030803,-0.013916,0.771892,-0.218254,0.597115,0.130816,0.973653,0.186779,-0.622149,-0.066061,0.780106,-0.015075,0.021713,0.003367,-0.458809,0.635745,0.924496,-1.007954,0.108792,0.034762,-0.051152,0.817385,0.362155,-0.448023,-0.120127,0.867746,0.482271,0.563427,-0.340382,0.752787,0.019938,0.013639,0.010173,0.068573,0.154739,0.278909,-1.109905
341,0.219387,-0.008354,0.348848,-0.836419,-0.229859,-0.497607,-0.032517,-0.885449,0.463566,-0.546122,0.404198,0.733759,0.040605,0.015401,0.027912,0.087527,0.378136,0.125376,-1.466859,-0.178676,-0.025898,0.332074,-0.776492,0.245331,0.5804,-0.130782,-0.963709,0.232583,0.617362,0.104396,0.779633,-0.001801,0.046871,-0.011674,-0.110311,0.09942,0.661177,-1.404995,0.038311,0.031702,-0.014004,0.759387,-0.250896,0.600318,0.149211,0.965224,0.214655,-0.633298,-0.073432,0.770416,-0.007843,0.017299,-0.001647,-0.174029,0.178328,0.61498,-1.009423,0.109476,0.035251,-0.050695,0.827361,0.351975,-0.437704,-0.116955,0.870171,0.478667,0.549357,-0.344839,0.761112,0.012879,0.012855,0.009839,0.183055,0.371246,0.356332,-1.106803
342,0.220745,-0.007843,0.349752,-0.842248,-0.221574,-0.491495,-0.035606,-0.886825,0.460702,-0.536904,0.405797,0.739656,0.027108,0.008263,0.022706,0.017537,0.089486,0.161182,-1.522577,-0.179028,-0.024706,0.331798,-0.779232,0.251313,0.574134,-0.132249,-0.961313,0.241497,0.613584,0.111949,0.781566,-0.000486,0.018701,-0.000898,0.049114,-0.117998,0.218338,-1.404899,0.038135,0.032305,-0.014149,0.762252,-0.257317,0.593935,0.150973,0.962955,0.223435,-0.629427,-0.080646,0.772862,-0.000251,0.008936,-0.00085,0.067893,-0.141907,0.205136,-1.000769,0.110159,0.035517,-0.050234,0.834391,0.343654,-0.43092,-0.11356,0.872238,0.475714,0.539347,-0.347997,0.766813,0.020534,0.004315,0.011051,-0.00275,0.067032,0.203794,-1.111048
343,0.22226,-0.007722,0.35048,-0.84463,-0.216045,-0.489866,-0.039607,-0.887279,0.459498,-0.532872,0.407772,0.741483,0.041842,0.000144,0.015069,-0.031037,-0.031419,0.070246,-1.55654,-0.178655,-0.024355,0.331937,-0.784626,0.241835,0.570849,-0.11941,-0.962414,0.243791,0.609326,0.122827,0.783261,0.01479,0.006941,0.005588,0.003824,-0.029026,0.054469,-1.405307,0.038315,0.032478,-0.014088,0.768143,-0.24794,0.590322,0.138147,0.964442,0.225313,-0.625196,-0.091522,0.775082,0.014669,0.00331,0.002044,0.004945,-0.044961,0.081973,-1.003382,0.11091,0.035587,-0.049861,0.837426,0.338209,-0.429337,-0.109169,0.87322,0.47494,0.535535,-0.350857,0.768179,0.021321,-0.005025,0.012088,-0.080267,-0.063366,0.075083,-1.112354
344,0.223066,-0.00784,0.350767,-0.846286,-0.213897,-0.487948,-0.041194,-0.886888,0.460114,-0.530121,0.40975,0.742364,0.028422,-0.005788,0.011035,-1.456961,1.475118,-1.796051,-1.585614,-0.178289,-0.024344,0.332206,-0.785679,0.243288,0.568781,-0.119647,-0.961745,0.246303,0.607922,0.125167,0.783982,0.01564,-0.000989,0.01698,-0.434533,-0.491855,0.32322,-1.404897,0.038498,0.032479,-0.013965,0.768924,-0.249149,0.588794,0.138304,0.963957,0.227284,-0.6242,-0.093332,0.775669,0.007797,-0.000411,0.008544,-1.328732,-1.927191,1.599528,-1.003872,0.111318,0.035532,-0.049715,0.838553,0.33516,-0.42953,-0.106862,0.874257,0.473556,0.534236,-0.351201,0.768927,0.021178,-0.002596,0.005297,-0.03823,-0.037296,0.110475,-1.112354
345,0.224197,-0.008408,0.351098,-0.850469,-0.207485,-0.483422,-0.04442,-0.887363,0.458895,-0.523129,0.412003,0.746067,0.015444,-0.015614,0.003802,0.005777,0.125463,0.044689,-1.616246,-0.177789,-0.024386,0.332873,-0.78488,0.244606,0.569318,-0.117889,-0.960874,0.250512,0.609297,0.129209,0.782257,0.015593,-0.001918,0.016045,-0.316121,0.440161,0.079774,-1.404947,0.038754,0.032462,-0.013621,0.7694,-0.249756,0.587915,0.1364,0.963402,0.230762,-0.624033,-0.097356,0.775308,0.007788,-0.000997,0.007977,-0.475988,0.613777,0.15357,-1.003382,0.111888,0.03525,-0.049548,0.843816,0.33066,-0.422654,-0.104802,0.873983,0.47452,0.526298,-0.356112,0.772135,0.014679,-0.007313,0.001842,-0.009725,0.105194,0.087076,-1.113008
346,0.225123,-0.008866,0.351177,-0.857658,-0.193879,-0.476319,-0.04951,-0.890815,0.45163,-0.510809,0.411163,0.755015,0.028351,-0.002272,-0.003683,0.216857,0.607097,0.355227,-1.664488,-0.177531,-0.024612,0.333451,-0.78719,0.240643,0.567816,-0.111155,-0.960933,0.253352,0.607579,0.136028,0.782437,0.015476,-0.005611,0.012455,-0.034454,-0.004926,0.010873,-1.404933,0.038877,0.032354,-0.013333,0.770808,-0.246838,0.587303,0.129615,0.963368,0.234781,-0.623742,-0.104848,0.774566,0.000461,-0.002702,0.006917,-0.032005,-0.006352,0.004606,-1.003872,0.112348,0.035004,-0.049517,0.851001,0.319878,-0.416501,-0.100433,0.877581,0.468788,0.51547,-0.357109,0.778949,0.014592,-0.006158,0.002787,-0.025542,0.075921,0.112613,-1.112518
347,0.225694,-0.009008,0.351234,-0.859895,-0.189097,-0.474201,-0.051572,-0.891976,0.449099,-0.506832,0.410864,0.757851,0.029128,-0.011502,0.006269,0.11196,0.41578,0.23132,-1.679493,-0.177436,-0.024721,0.333739,-0.787209,0.240739,0.567749,-0.110796,-0.960807,0.253984,0.60762,0.136742,0.78228,0.000947,-0.005125,0.014107,-0.03466,-0.003535,0.006851,-1.404981,0.03893,0.032298,-0.013198,0.770848,-0.246925,0.587214,0.129264,0.963271,0.23537,-0.623765,-0.105529,0.774454,0.007747,-0.002221,0.006787,-0.032593,-0.019264,0.035318,-1.006321,0.112644,0.034929,-0.049492,0.854464,0.314286,-0.413659,-0.097981,0.879453,0.465791,0.510186,-0.357471,0.782255,0.014553,-0.005675,0.00318,0.169142,0.481214,0.232564,-1.107292
348,0.226892,-0.00931,0.351395,-0.864716,-0.183563,-0.467563,-0.053826,-0.891647,0.449489,-0.498338,0.414071,0.761729,0.042997,-0.009199,0.007231,-0.022407,0.152474,0.096452,-1.716992,-0.177214,-0.025091,0.334382,-0.791328,0.23545,0.564229,-0.108844,-0.962304,0.249115,0.602598,0.135433,0.786382,0.001684,-0.017419,0.021287,-0.002247,-0.075088,-0.093477,-1.404476,0.039041,0.03212,-0.012878,0.775335,-0.24173,0.583456,0.1276,0.964755,0.230141,-0.618525,-0.103987,0.778853,0.008109,-0.008547,0.010204,0.006592,-0.106932,-0.078738,-1.006158,0.113216,0.034785,-0.049417,0.859971,0.308573,-0.406486,-0.095466,0.879706,0.465836,0.501333,-0.3618,0.78598,0.014128,-0.000488,-0.001346,-0.436451,0.672508,-0.451094,-1.114967
349,0.228154,-0.009383,0.351434,-0.870565,-0.175584,-0.459708,-0.056742,-0.892166,0.448099,-0.487734,0.416398,0.767304,0.041827,0.003792,0.00034,0.068043,0.147137,0.186994,-1.745205,-0.177142,-0.025799,0.335141,-0.798224,0.227046,0.557925,-0.106166,-0.964693,0.240893,0.593914,0.13278,0.79341,0.00164,-0.01896,0.01981,0.292651,-0.486429,-0.302249,-1.404454,0.039078,0.031756,-0.012487,0.781507,-0.234576,0.578117,0.124993,0.966706,0.223283,-0.611247,-0.102236,0.784808,0.000803,-0.00962,0.009769,0.239671,-0.43033,-0.279216,-1.005994,0.113859,0.034735,-0.049395,0.866398,0.301359,-0.398165,-0.092672,0.880547,0.464808,0.490678,-0.36581,0.790833,0.0209,0.001986,0.000223,0.07582,0.170409,0.209303,-1.112028
350,0.228957,-0.009294,0.351453,-0.87325,-0.171125,-0.456285,-0.058697,-0.892601,0.446979,-0.482685,0.417315,0.769994,0.055536,0.007043,0.002072,0.062339,0.128616,0.208527,-1.747237,-0.17709,-0.026141,0.33551,-0.801016,0.221069,0.55632,-0.099869,-0.965562,0.240102,0.591238,0.1365,0.794775,0.001655,-0.018489,0.020269,-0.10536,-0.084222,-0.195855,-1.404888,0.039103,0.03159,-0.012311,0.785643,-0.227651,0.575273,0.118882,0.968062,0.220732,-0.60715,-0.105027,0.787615,0.000428,-0.003694,0.005957,-0.297444,-0.1589,-0.421574,-1.005994,0.114256,0.034778,-0.049387,0.869456,0.297205,-0.394606,-0.090719,0.881257,0.463848,0.485608,-0.367497,0.793176,0.020781,0.00302,0.001069,0.06048,0.158948,0.216103,-1.110721
351,0.230596,-0.009244,0.351607,-0.876472,-0.163249,-0.45298,-0.063141,-0.893714,0.44414,-0.476252,0.418077,0.773578,0.041749,0.004504,0.00086,0.093093,0.22618,0.227539,-1.759444,-0.177041,-0.026585,0.336181,-0.805069,0.21325,0.553515,-0.09277,-0.966847,0.237769,0.586871,0.139814,0.797432,0.000898,-0.006783,0.012502,-0.033484,0.005991,-0.020873,-1.404602,0.039128,0.031363,-0.011973,0.789807,-0.219912,0.572575,0.111511,0.96944,0.21852,-0.603132,-0.10874,0.790193,0.000448,-0.003055,0.006574,-0.051917,0.015019,0.014413,-1.000443,0.11508,0.034809,-0.049306,0.873092,0.290213,-0.391773,-0.086285,0.882836,0.461686,0.479859,-0.36929,0.795838,0.021356,-0.003027,0.004839,0.129699,0.342131,0.228827,-1.107782
352,0.232046,-0.009316,0.351882,-0.88067,-0.156909,-0.44704,-0.066361,-0.893447,0.444208,-0.468013,0.421057,0.776982,0.028606,-0.00584,0.010841,0.050399,0.216615,0.192564,-1.772554,-0.177206,-0.02673,0.336499,-0.805936,0.213859,0.552016,-0.092106,-0.966333,0.240105,0.585784,0.142407,0.797772,0.000862,-0.008018,0.011315,-0.047458,-0.005203,-0.006327,-1.404873,0.039045,0.031292,-0.011813,0.79056,-0.22074,0.571215,0.110792,0.968937,0.2211,-0.602278,-0.111507,0.790459,-0.007247,0.001293,0.001837,-0.036714,-0.048181,0.037591,-1.003872,0.11581,0.034775,-0.049174,0.877856,0.284255,-0.385444,-0.083187,0.883079,0.46179,0.471644,-0.373321,0.798862,0.020845,0.002491,0.000583,0.133677,0.283694,0.244096,-1.109252
353,0.233221,-0.00958,0.352177,-0.88407,-0.149858,-0.442727,-0.070191,-0.893937,0.44263,-0.461004,0.422573,0.780342,0.029141,-0.009741,0.00758,0.028031,0.070671,0.276309,-1.787894,-0.177417,-0.026644,0.336685,-0.812065,0.211714,0.5438,-0.092528,-0.966714,0.238402,0.577184,0.143026,0.803906,0.000135,0.004537,0.004351,0.182178,-0.258954,-0.117868,-1.404916,0.03894,0.031327,-0.01172,0.79651,-0.21935,0.563433,0.111388,0.969156,0.219836,-0.594276,-0.112342,0.796376,-0.007229,0.001809,0.002328,0.278082,-0.342935,-0.230216,-1.004525,0.116396,0.034651,-0.049019,0.882092,0.277346,-0.380776,-0.079303,0.884205,0.460317,0.464352,-0.375845,0.801945,0.014497,-0.004352,0.004202,0.035742,0.181234,0.142857,-1.110068
354,0.233727,-0.00988,0.352383,-0.886017,-0.145112,-0.440411,-0.072597,-0.894687,0.440722,-0.456884,0.422635,0.782728,0.029356,-0.011176,0.006379,0.044787,0.234283,0.136433,-1.803185,-0.177521,-0.026625,0.336798,-0.816993,0.20499,0.538974,-0.086843,-0.96768,0.236616,0.571077,0.14626,0.807677,9.3e-05,0.003095,0.002965,0.171154,-0.232967,-0.135926,-1.404688,0.038888,0.031341,-0.01166,0.801924,-0.212646,0.558299,0.10581,0.970289,0.217583,-0.58798,-0.115411,0.800598,-0.006842,-0.003742,0.006504,0.194898,-0.292763,-0.197856,-1.004851,0.116637,0.034511,-0.048921,0.884211,0.273222,-0.378839,-0.076996,0.885233,0.45873,0.460696,-0.376445,0.80377,0.007706,-0.00635,0.003035,0.11817,0.380217,0.178415,-1.109578
355,0.234527,-0.010665,0.352791,-0.89104,-0.133831,-0.433798,-0.077785,-0.896457,0.436218,-0.446155,0.422593,0.788916,0.015748,-0.014834,0.004318,0.172931,0.64724,0.308378,-1.822599,-0.177762,-0.026852,0.337086,-0.820983,0.200344,0.534641,-0.085897,-0.969018,0.231431,0.565465,0.143836,0.812049,-0.013764,-0.010276,0.010325,0.050311,-0.095723,-0.118182,-1.404417,0.038773,0.031238,-0.011521,0.806186,-0.207928,0.553921,0.104839,0.971601,0.21213,-0.582299,-0.112944,0.80509,-0.006885,-0.005057,0.005243,0.09347,-0.152288,-0.149493,-1.007954,0.117054,0.034111,-0.048711,0.88949,0.263913,-0.373036,-0.072324,0.887374,0.45534,0.451194,-0.378041,0.808398,0.015329,-0.011764,0.006861,-0.043704,0.112529,0.099552,-1.111048
356,0.235254,-0.01164,0.353285,-0.895117,-0.127854,-0.427158,-0.077941,-0.89843,0.432113,-0.437907,0.420238,0.794773,0.015838,-0.015172,0.004023,0.11574,0.100509,0.167113,-1.883042,-0.17791,-0.027375,0.337527,-0.825833,0.196543,0.528547,-0.084516,-0.969769,0.228777,0.558563,0.144025,0.816779,0.000777,-0.010623,0.00882,0.210108,-0.326571,-0.2137,-1.404785,0.038693,0.030971,-0.011298,0.810572,-0.205187,0.548517,0.103618,0.972084,0.21051,-0.576399,-0.113797,0.809205,0.000767,-0.010669,0.008779,0.34584,-0.514008,-0.322876,-1.006974,0.117424,0.033615,-0.048465,0.895114,0.256391,-0.364736,-0.071526,0.890084,0.450148,0.44006,-0.376846,0.815066,0.007914,-0.007603,0.001984,0.092314,0.073197,0.170428,-1.114804
357,0.235561,-0.012133,0.353519,-0.897323,-0.12657,-0.422891,-0.07557,-0.89986,0.429549,-0.433797,0.417555,0.798433,0.002904,-0.027326,0.012597,0.071027,0.4689,0.153815,-1.912736,-0.177911,-0.027664,0.337779,-0.827082,0.194769,0.527248,-0.083581,-0.970153,0.227487,0.55685,0.143849,0.817978,0.001588,-0.020148,0.018695,0.200048,-0.353103,-0.252911,-1.404807,0.038693,0.030827,-0.011178,0.811572,-0.203762,0.547568,0.102686,0.97237,0.209646,-0.575157,-0.113915,0.810072,0.000399,-0.004697,0.005003,0.263446,-0.416407,-0.236397,-1.008117,0.117577,0.033378,-0.048353,0.896568,0.256291,-0.361219,-0.074179,0.89094,0.44802,0.436648,-0.374885,0.8178,0.015397,-0.011852,0.006779,0.179386,0.506626,0.449225,-1.114151
358,0.236247,-0.012893,0.353902,-0.899076,-0.127761,-0.41879,-0.069441,-0.902806,0.424372,-0.431188,0.410777,0.803347,0.01649,-0.022556,0.015566,0.107733,0.548498,0.261624,-1.915207,-0.178024,-0.027963,0.338159,-0.826929,0.194129,0.527724,-0.082286,-0.97011,0.228143,0.557271,0.145,0.817488,-0.014499,0.002219,0.003296,-0.014294,0.107373,-0.205045,-1.404605,0.038636,0.030669,-0.010982,0.812453,-0.201961,0.546928,0.101212,0.972699,0.208833,-0.574173,-0.114311,0.810713,-0.007253,0.001216,0.001754,-0.016788,0.111065,-0.202727,-1.006158,0.117915,0.032991,-0.048167,0.897454,0.258213,-0.357631,-0.080371,0.892909,0.443003,0.433722,-0.368832,0.822099,0.014752,-0.005425,0.003284,-0.052011,-0.017623,0.062762,-1.106313
359,0.237131,-0.0134,0.354214,-0.903901,-0.116708,-0.411566,-0.074298,-0.904657,0.419581,-0.420172,0.409979,0.809568,0.015491,-0.012013,0.006643,0.086473,0.366904,0.194911,-1.915604,-0.178085,-0.028038,0.338407,-0.828036,0.191758,0.526854,-0.08099,-0.970669,0.22622,0.555813,0.144418,0.818583,0.000839,-0.0086,0.01076,-0.024197,-0.00687,-0.028241,-1.404918,0.038606,0.030637,-0.01086,0.813753,-0.199584,0.545866,0.100083,0.97328,0.20666,-0.572527,-0.113539,0.811985,0.000426,-0.003946,0.005721,-0.052284,0.089966,-0.172615,-1.005668,0.118346,0.03274,-0.048008,0.903789,0.247113,-0.349427,-0.0756,0.895804,0.437971,0.421247,-0.369417,0.8283,0.00771,-0.005798,0.003487,0.189049,0.585105,0.263785,-1.105496
360,0.237699,-0.013827,0.354443,-0.908265,-0.114318,-0.402529,-0.069013,-0.9079,0.413432,-0.411591,0.403423,0.817232,0.015544,-0.012226,0.006457,0.054331,0.208876,0.056283,-1.915775,-0.178149,-0.028204,0.338754,-0.830431,0.187832,0.524494,-0.079307,-0.971641,0.222617,0.55247,0.143047,0.821083,0.000903,-0.006597,0.012672,0.028909,-0.090999,-0.043413,-1.404569,0.038573,0.030551,-0.01069,0.816229,-0.195848,0.543518,0.098542,0.974196,0.20305,-0.569261,-0.112176,0.814467,0.000436,-0.00362,0.00603,0.026573,-0.080716,-0.073387,-1.005994,0.118641,0.032524,-0.04789,0.908422,0.244046,-0.339426,-0.08041,0.898761,0.431001,0.410248,-0.364237,0.836078,0.007695,-0.0056,0.003646,0.080978,0.156221,0.02052,-1.09178
361,0.238005,-0.014095,0.354584,-0.910426,-0.113203,-0.397937,-0.066408,-0.90942,0.410507,-0.407232,0.400299,0.820944,0.016667,-0.023162,0.015046,0.054807,0.379108,0.172768,-1.916295,-0.178195,-0.028409,0.339019,-0.831635,0.185929,0.523263,-0.078306,-0.972054,0.221163,0.550798,0.14273,0.822261,0.000863,-0.007828,0.011497,0.050518,-0.110114,-0.0874,-1.404794,0.038551,0.030449,-0.01055,0.817448,-0.194058,0.542327,0.097563,0.974581,0.201673,-0.567679,-0.111946,0.815602,0.000426,-0.003884,0.005779,0.048093,-0.107937,-0.08694,-1.007464,0.118799,0.032387,-0.047816,0.910113,0.243624,-0.335171,-0.083139,0.89981,0.428286,0.405931,-0.361923,0.839184,0.008343,-0.011655,0.00745,0.074271,0.407212,0.171185,-1.092923
362,0.238794,-0.014965,0.355027,-0.914837,-0.102065,-0.390771,-0.072019,-0.91085,0.406372,-0.396274,0.400029,0.826421,0.017131,-0.026009,0.012643,0.047523,0.271643,0.310701,-1.915909,-0.17824,-0.029274,0.339796,-0.837767,0.177165,0.516478,-0.074658,-0.974104,0.213264,0.541931,0.139895,0.828615,0.001548,-0.021103,0.017809,0.107499,-0.30475,0.006291,-1.404483,0.038528,0.030027,-0.010165,0.823876,-0.185582,0.535524,0.094158,0.976559,0.193561,-0.558893,-0.109046,0.822037,0.001146,-0.015921,0.01327,0.094483,-0.253071,-0.216457,-1.010077,0.119187,0.031964,-0.047597,0.915479,0.233172,-0.327913,-0.077653,0.902034,0.424623,0.394799,-0.36327,0.8439,0.008543,-0.01289,0.006404,0.092547,0.465359,0.160658,-1.096025
363,0.239189,-0.016029,0.355552,-0.917909,-0.093349,-0.385713,-0.076265,-0.91237,0.402164,-0.388315,0.398677,0.83084,0.003068,-0.027473,0.012475,-0.043174,0.114394,-0.025605,-1.915894,-0.178257,-0.03014,0.340485,-0.841907,0.170205,0.512069,-0.072229,-0.975882,0.20584,0.535804,0.13611,0.833217,0.001497,-0.022615,0.016378,-0.010954,-0.055673,-0.112866,-1.404243,0.038521,0.029587,-0.009814,0.828567,-0.178511,0.530668,0.091802,0.978298,0.185752,-0.552311,-0.105192,0.826974,0.000736,-0.011335,0.008165,-0.05791,-0.004525,-0.093129,-1.004035,0.11939,0.031431,-0.047336,0.919813,0.223716,-0.322325,-0.072732,0.904497,0.42023,0.385555,-0.36309,0.84824,0.001495,-0.013524,0.006409,-0.07809,0.079298,-0.014967,-1.101904
364,0.239416,-0.017087,0.355974,-0.916694,-0.098067,-0.387427,-0.069243,-0.915829,0.395518,-0.392466,0.389513,0.833233,0.003259,-0.02874,0.011399,-0.067797,0.037432,-0.063331,-1.915988,-0.178507,-0.030592,0.34073,-0.843078,0.168359,0.51075,-0.071046,-0.976201,0.204737,0.534116,0.136122,0.834298,-9.8e-05,-0.002903,-0.002772,0.021566,-0.019353,-0.043912,-1.404496,0.038395,0.029361,-0.009691,0.829652,-0.176833,0.529534,0.09057,0.978577,0.184885,-0.550884,-0.105431,0.827894,-5.6e-05,-0.001482,-0.001412,-0.0017,0.007186,-0.033459,-1.006158,0.119504,0.030902,-0.047125,0.917996,0.228255,-0.324316,-0.07953,0.907109,0.413313,0.388531,-0.353627,0.850876,0.001615,-0.01432,0.005738,-0.092246,0.014575,-0.068022,-1.099454
365,0.239468,-0.017647,0.356211,-0.916529,-0.095111,-0.388553,-0.07079,-0.917467,0.391425,-0.392575,0.386372,0.834643,0.003101,-0.027669,0.012306,-0.018569,0.188929,0.010238,-1.916304,-0.17869,-0.030691,0.340764,-0.842877,0.167473,0.511373,-0.070073,-0.976328,0.20447,0.534562,0.136311,0.833982,-0.014663,-0.001547,-0.000313,-0.014023,0.105301,-0.206135,-1.404476,0.038309,0.029307,-0.009678,0.829378,-0.176154,0.530189,0.08969,0.978664,0.184856,-0.55144,-0.105763,0.827482,-0.006955,-0.006141,0.004218,-0.044262,0.032358,-0.044299,-1.007301,0.119531,0.030609,-0.047004,0.918065,0.225933,-0.325743,-0.07834,0.90889,0.409609,0.388609,-0.35053,0.852121,0.001535,-0.013778,0.006196,-0.012548,0.208277,0.002279,-1.100434
366,0.239434,-0.01852,0.356674,-0.916548,-0.092865,-0.389052,-0.071879,-0.918636,0.388475,-0.392335,0.384131,0.835789,0.001398,-0.012814,0.007023,-0.034378,0.009346,-0.020225,-1.915749,-0.1792,-0.030779,0.340665,-0.842422,0.165473,0.512772,-0.068187,-0.976689,0.20338,0.535524,0.136172,0.833387,-9.8e-05,-0.002737,-0.002617,0.0,-0.0,-0.0,-1.40443,0.038054,0.029267,-0.009725,0.828898,-0.174183,0.53159,0.087863,0.97903,0.183791,-0.552456,-0.105637,0.82682,-0.007383,-0.002089,-0.001413,-0.003484,0.028647,-0.053987,-1.007954,0.119515,0.030172,-0.04678,0.918578,0.223363,-0.32607,-0.077009,0.910333,0.406647,0.387662,-0.348427,0.853413,0.001222,-0.011668,0.007997,-0.082114,0.000215,-0.045202,-1.107129
367,0.239595,-0.019119,0.357031,-0.915586,-0.091517,-0.391629,-0.073855,-0.918985,0.387279,-0.394206,0.383619,0.835144,0.001471,-0.013299,0.006612,-0.035466,0.005951,-0.021863,-1.915978,-0.17955,-0.030965,0.340643,-0.844683,0.161422,0.510338,-0.066627,-0.97766,0.199186,0.532144,0.134055,0.835892,-0.013966,-0.013368,0.007374,0.124853,-0.204702,-0.177219,-1.405097,0.037873,0.029171,-0.009738,0.830947,-0.17053,0.52957,0.086429,0.979876,0.17992,-0.549596,-0.103734,0.828964,-0.006984,-0.006708,0.003672,0.185564,-0.274162,-0.203588,-1.00877,0.119594,0.029878,-0.046597,0.917886,0.222141,-0.328842,-0.075113,0.910919,0.405689,0.389669,-0.347676,0.852806,0.00834,-0.011134,0.007906,-0.070623,0.00871,-0.043669,-1.107456
368,0.239736,-0.019427,0.357191,-0.917186,-0.086834,-0.388941,-0.076404,-0.91959,0.385341,-0.389988,0.383249,0.837291,0.001479,-0.013342,0.006576,0.087225,0.385063,0.159756,-1.916266,-0.179607,-0.031161,0.340732,-0.847057,0.157942,0.507484,-0.065457,-0.978483,0.195499,0.5285,0.132194,0.838497,-0.013957,-0.012958,0.007766,0.057517,-0.110201,-0.123911,-1.404484,0.03785,0.029077,-0.009697,0.833921,-0.166763,0.526084,0.085424,0.980769,0.175484,-0.545232,-0.1014,0.832129,0.000329,-0.00655,0.003245,0.059497,-0.130995,-0.102242,-1.00877,0.119665,0.029724,-0.046517,0.919254,0.219069,-0.327077,-0.07329,0.911567,0.404565,0.38678,-0.347927,0.854017,0.00078,-0.006976,0.003022,0.211317,0.59398,0.178129,-1.105986
369,0.239873,-0.019897,0.35747,-0.919909,-0.077236,-0.38451,-0.0812,-0.921703,0.379266,-0.382555,0.380203,0.842096,0.000232,-0.00157,-0.001338,0.07179,0.222443,0.106218,-1.915872,-0.179767,-0.031774,0.340987,-0.85182,0.151319,0.501494,-0.0631,-0.979964,0.18874,0.52107,0.12895,0.843635,-0.013282,-0.02518,0.015081,0.041866,-0.202877,0.027673,-1.404534,0.03777,0.028777,-0.009571,0.838831,-0.160329,0.520245,0.083073,0.982154,0.168735,-0.538015,-0.098322,0.837181,0.000286,-0.007565,0.002268,0.085201,-0.151925,-0.142417,-1.00828,0.119733,0.029488,-0.046378,0.923468,0.209096,-0.321691,-0.068399,0.914736,0.398219,0.377528,-0.345739,0.859031,0.007744,-0.005352,0.003862,0.076147,0.320977,0.155288,-1.106476
370,0.240054,-0.020441,0.357657,-0.921935,-0.079321,-0.379197,-0.074151,-0.924625,0.373555,-0.3791,0.372604,0.84704,0.003097,-0.027556,0.012407,-0.041141,0.118971,-0.02467,-1.915502,-0.1798,-0.032573,0.341455,-0.854564,0.151931,0.496617,-0.067009,-0.980441,0.184872,0.516058,0.124529,0.847372,0.000601,-0.014556,0.005078,2.769446,0.882898,4.775735,-1.404392,0.037748,0.028369,-0.00933,0.842189,-0.159409,0.515078,0.085298,0.982656,0.164649,-0.532392,-0.09473,0.84118,0.000241,-0.007306,0.002568,2.728963,0.924288,4.7931,-1.01024,0.119823,0.02922,-0.046275,0.925163,0.210598,-0.315786,-0.074973,0.916959,0.391872,0.37209,-0.33887,0.864126,0.001571,-0.013956,0.006046,-0.072842,0.076179,-0.019829,-1.1037
371,0.240297,-0.021244,0.357942,-0.92446,-0.076292,-0.373629,-0.072504,-0.926783,0.368495,-0.373238,0.367838,0.851713,0.001952,-0.016463,0.003902,0.04373,0.265344,0.069132,-1.915778,-0.179921,-0.03338,0.341763,-0.857036,0.151355,0.492515,-0.069852,-0.981114,0.180189,0.511557,0.119848,0.85077,0.000548,-0.015839,0.00384,0.125425,-0.209849,-0.173298,-1.404334,0.037688,0.027964,-0.009176,0.843935,-0.161033,0.511704,0.090036,0.982869,0.160816,-0.528835,-0.089647,0.843976,0.000267,-0.007923,0.001919,0.175919,-0.26862,-0.194652,-1.008934,0.119945,0.028818,-0.046138,0.927393,0.20839,-0.310667,-0.076814,0.918854,0.387048,0.366115,-0.335082,0.868146,0.001446,-0.013093,0.006783,0.042794,0.347535,0.065264,-1.10419
372,0.240359,-0.021615,0.35815,-0.924812,-0.073881,-0.373242,-0.073706,-0.927636,0.366103,-0.372132,0.366173,0.852914,0.001531,-0.013632,0.006326,-0.023748,0.041811,-0.004923,-1.91611,-0.180034,-0.033602,0.341832,-0.85818,0.149599,0.491057,-0.069054,-0.98147,0.178555,0.509741,0.119148,0.851957,0.000647,-0.013221,0.006358,0.127867,-0.223998,-0.148121,-1.404486,0.037631,0.027854,-0.009149,0.845016,-0.159489,0.510402,0.089315,0.983173,0.159351,-0.527229,-0.089068,0.845042,-6.7e-05,-0.001581,-0.001519,0.267723,-0.361696,-0.183665,-1.005341,0.119977,0.028627,-0.04604,0.928383,0.205287,-0.309775,-0.075175,0.920084,0.384438,0.363939,-0.333619,0.869623,0.001298,-0.01211,0.007626,-0.089329,0.023069,-0.046996,-1.105006
373,0.240773,-0.022254,0.358574,-0.923909,-0.075713,-0.375107,-0.07082,-0.929505,0.361905,-0.374918,0.361021,0.853889,0.015686,-0.011502,0.007038,-0.034265,-0.008432,0.007841,-1.915862,-0.180196,-0.033849,0.341821,-0.859529,0.150921,0.488287,-0.073316,-0.981863,0.174654,0.506863,0.114143,0.854356,-0.000194,-0.004888,-0.004711,0.038469,-0.044487,-0.057454,-1.40417,0.037551,0.027733,-0.009144,0.846969,-0.160298,0.5069,0.093589,0.983527,0.154646,-0.523339,-0.08354,0.848019,-9.1e-05,-0.002226,-0.002142,0.0161,-0.030803,-0.024794,-1.007791,0.120178,0.028309,-0.045826,0.927236,0.207125,-0.311979,-0.07791,0.921581,0.380286,0.366281,-0.328308,0.87066,0.008383,-0.011078,0.007954,-0.072103,-0.084167,0.134865,-1.10566
374,0.241335,-0.022852,0.358996,-0.923292,-0.071592,-0.377428,-0.073964,-0.931005,0.357393,-0.375827,0.357978,0.854771,0.016562,-0.02053,0.017315,-0.062271,0.020035,-0.003493,-1.915909,-0.180385,-0.034108,0.34173,-0.860875,0.152273,0.485486,-0.077636,-0.982234,0.170649,0.503922,0.109037,0.856759,-0.000133,-0.003282,-0.003169,0.027348,-0.03911,-0.021619,-1.404093,0.037456,0.0276,-0.009194,0.848289,-0.161769,0.504217,0.097969,0.9837,0.15078,-0.52039,-0.078507,0.850311,0.000317,-0.006709,0.003084,-0.011347,-0.104319,0.139104,-1.002892,0.120459,0.028013,-0.04562,0.927346,0.203125,-0.314275,-0.074924,0.923631,0.375886,0.366626,-0.32503,0.871745,0.000671,-0.006187,0.003696,-0.046003,0.011943,-0.01005,-1.104353
375,0.241455,-0.023084,0.359208,-0.923263,-0.071683,-0.37748,-0.07421,-0.930711,0.358108,-0.375849,0.358725,0.854448,0.001047,-0.010311,0.009182,-0.035308,0.005961,-0.021866,-1.915834,-0.180372,-0.034241,0.341716,-0.861164,0.155903,0.483819,-0.083039,-0.982095,0.168897,0.502565,0.105089,0.858049,0.000581,-0.014676,0.004944,0.006261,-0.040832,-0.079354,-1.403486,0.037462,0.027539,-0.009202,0.848486,-0.165508,0.502669,0.103451,0.983385,0.149167,-0.519006,-0.074564,0.851511,-7e-05,-0.001755,-0.001691,0.034196,-0.053088,-0.033865,-1.004198,0.120525,0.027887,-0.045508,0.927253,0.203249,-0.314469,-0.074593,0.923286,0.376798,0.366929,-0.32593,0.871281,0.000497,-0.005033,0.00469,-0.038481,0.00012,-0.023949,-1.108599
376,0.241764,-0.023462,0.359565,-0.925272,-0.06405,-0.373918,-0.079016,-0.931525,0.35495,-0.369899,0.358045,0.857325,0.015507,-0.010045,0.008285,0.13788,0.42647,0.429617,-1.915485,-0.180108,-0.034818,0.341683,-0.860769,0.170972,0.479413,-0.103915,-0.981018,0.163521,0.499346,0.090734,0.861559,0.001133,-0.030344,0.008905,-0.04084,-0.016166,-0.089777,-1.402043,0.037594,0.027263,-0.009214,0.847907,-0.180599,0.498434,0.124441,0.981719,0.144017,-0.515331,-0.060087,0.854881,0.00754,-0.010146,-0.000834,-0.031915,-0.008312,-0.032689,-1.002239,0.120672,0.027713,-0.045331,0.929092,0.197872,-0.312463,-0.070749,0.92433,0.374976,0.363017,-0.326281,0.872787,0.007677,-0.004565,0.00453,-0.046348,-0.023993,0.012215,-1.111211
377,0.242117,-0.023728,0.359784,-0.926592,-0.059019,-0.371469,-0.082169,-0.932031,0.3529,-0.365898,0.357586,0.859231,0.001058,-0.010338,0.009164,-0.014743,0.070449,0.008089,-1.915822,-0.179699,-0.035697,0.341733,-0.861513,0.1754,0.476468,-0.113109,-0.981084,0.156887,0.49605,0.081061,0.864423,0.015125,-0.020093,-0.001515,0.095411,-0.170677,-0.102404,-1.401968,0.037793,0.026815,-0.009189,0.84829,-0.18539,0.496018,0.133781,0.981355,0.137997,-0.512353,-0.050704,0.857276,0.007555,-0.010221,-0.000932,0.162463,-0.297435,0.04997,-1.006158,0.120855,0.027571,-0.045222,0.931941,0.191059,-0.30819,-0.066802,0.925841,0.37196,0.356401,-0.326057,0.875593,0.000518,-0.005126,0.004613,-0.032608,0.050304,0.0177,-1.111048
378,0.242134,-0.023798,0.359872,-0.927453,-0.057087,-0.369619,-0.082974,-0.932283,0.352045,-0.363535,0.357239,0.860378,0.000888,-0.009227,0.010119,-0.031779,0.016909,-0.016788,-1.915532,-0.17939,-0.036156,0.341723,-0.862199,0.177148,0.474577,-0.118164,-0.981281,0.151853,0.493672,0.07464,0.86636,0.015854,-0.032067,0.006006,0.171557,-0.334034,-0.22614,-1.402015,0.037947,0.026592,-0.009195,0.848413,-0.187716,0.494931,0.13904,0.981205,0.133805,-0.510747,-0.044707,0.858567,0.007528,-0.011221,-0.001923,0.360327,-0.533403,-0.314635,-1.008607,0.120864,0.027532,-0.045175,0.932953,0.189061,-0.306355,-0.065797,0.92621,0.371221,0.353932,-0.326175,0.87655,0.000426,-0.004516,0.005138,-0.051457,-0.013956,-0.014698,-1.109742
379,0.242161,-0.023857,0.359941,-0.92772,-0.059901,-0.368501,-0.079135,-0.933101,0.35076,-0.363707,0.354637,0.861381,-0.0,1e-06,1e-06,4.9e-05,0.000155,7.2e-05,-1.915427,-0.178541,-0.037057,0.341264,-0.861978,0.176156,0.475347,-0.124089,-0.982413,0.13929,0.492602,0.060872,0.868044,0.014104,-0.018989,-0.019824,0.026842,-0.100617,0.142939,-1.399585,0.038373,0.026143,-0.009409,0.849065,-0.185607,0.494608,0.144822,0.982159,0.119959,-0.508049,-0.030223,0.860797,0.014434,-0.009857,-0.010871,-0.019631,-0.063677,0.167633,-1.009424,0.120878,0.027505,-0.045138,0.932676,0.191948,-0.305401,-0.069574,0.926489,0.369834,0.35394,-0.323688,0.877468,-1e-06,-2e-06,-2e-06,-0.002137,-0.005438,-0.001859,-1.107292
380,0.242306,-0.02389,0.359956,-0.927398,-0.058959,-0.369461,-0.08031,-0.933151,0.350358,-0.364268,0.354661,0.861134,0.000236,-0.00153,-0.001315,-0.000786,0.012336,-0.026034,-1.915185,-0.177668,-0.037644,0.340496,-0.858885,0.180082,0.479456,-0.134176,-0.982504,0.128905,0.495355,0.046171,0.867384,0.029211,-0.01251,-0.014772,0.014872,-0.106102,0.210259,-1.401281,0.038803,0.025829,-0.009812,0.845564,-0.189488,0.499114,0.155,0.981756,0.110133,-0.510878,-0.015762,0.859509,0.007191,-0.006684,-0.007221,-0.000111,-0.078992,0.162792,-1.003219,0.12095,0.027491,-0.045129,0.932512,0.191096,-0.306434,-0.06847,0.92669,0.369534,0.354586,-0.323614,0.877235,0.000118,-0.000765,-0.000658,-0.000185,0.011494,-0.027861,-1.104517
381,0.242208,-0.023966,0.35994,-0.927715,-0.061894,-0.368185,-0.076258,-0.933996,0.349012,-0.364332,0.351931,0.862226,0.00115,-0.010931,0.008655,-0.035293,0.005852,-0.021923,-1.91568,-0.176821,-0.038013,0.340088,-0.85773,0.181549,0.480968,-0.137263,-0.982418,0.126281,0.49651,0.042082,0.866931,0.014574,-0.00828,-0.009435,0.013767,0.01261,-0.006191,-1.400071,0.039232,0.025643,-0.010018,0.844336,-0.1911,0.500576,0.158286,0.9815,0.107712,-0.511899,-0.01171,0.858965,0.007697,-0.009174,-2.6e-05,0.008279,0.05646,-0.046567,-1.004198,0.1209,0.027454,-0.045143,0.932361,0.194022,-0.305054,-0.072551,0.927039,0.367877,0.354173,-0.320862,0.878412,6.9e-05,-0.000441,-0.00038,-0.003742,-0.005869,-0.000569,-1.104843
382,0.242265,-0.023987,0.359931,-0.927434,-0.061041,-0.369033,-0.077288,-0.934066,0.348594,-0.364828,0.35189,0.862033,0.014395,0.00076,-0.000483,0.006411,-0.099826,0.209233,-1.915329,-0.176481,-0.038186,0.339902,-0.856927,0.180365,0.48284,-0.137033,-0.982724,0.124134,0.49796,0.039997,0.866198,0.014593,-0.008163,-0.00934,0.000269,-0.002381,0.003489,-1.398417,0.039402,0.025559,-0.010109,0.843527,-0.189866,0.502407,0.158111,0.981763,0.105557,-0.513286,-0.009604,0.858163,0.007306,-0.003977,-0.004579,-0.0038,-0.007016,0.006946,-1.005668,0.120924,0.027441,-0.045142,0.932246,0.193332,-0.305841,-0.071675,0.927202,0.367639,0.354653,-0.320809,0.878237,0.007223,0.000218,-0.000383,6.6e-05,-0.003685,0.002335,-1.104517
383,0.242866,-0.02394,0.359977,-0.928482,-0.058715,-0.366767,-0.07901,-0.933644,0.349338,-0.361788,0.3534,0.862696,0.014251,0.001703,0.000322,0.006772,0.005599,0.038545,-1.915646,-0.176007,-0.038499,0.339623,-0.854211,0.182789,0.486726,-0.142127,-0.982539,0.119792,0.501192,0.032936,0.864629,-0.000187,-0.00641,-0.006391,-0.001784,0.01281,-0.025751,-1.398794,0.039645,0.025402,-0.010249,0.840693,-0.192201,0.506253,0.163323,0.981352,0.101356,-0.516293,-0.002527,0.856407,0.007356,-0.002659,-0.003277,-0.000859,-0.003782,0.004505,-1.006484,0.121225,0.027462,-0.045121,0.933512,0.191039,-0.303409,-0.069985,0.927039,0.368375,0.351646,-0.322648,0.878772,0.014238,0.001775,0.000375,-0.007961,0.053706,-0.104097,-1.106149
384,0.243411,-0.023964,0.360007,-0.931283,-0.055556,-0.360099,-0.077529,-0.935496,0.344685,-0.354864,0.348981,0.867358,0.015417,-0.009205,0.00899,0.601329,-0.455925,-1.37273,-1.91541,-0.175856,-0.038763,0.33958,-0.854632,0.179973,0.487037,-0.141139,-0.983151,0.115871,0.500754,0.030076,0.864988,-6.7e-05,-0.002311,-0.002308,0.00461,-0.006428,-0.003519,-1.399057,0.03972,0.025266,-0.010274,0.841293,-0.189296,0.506351,0.162419,0.98192,0.097228,-0.515601,0.000444,0.856828,0.00037,-0.006431,0.003306,-0.048604,0.022328,-0.014695,-1.00877,0.121497,0.027455,-0.045108,0.936633,0.186594,-0.296477,-0.069978,0.928934,0.363571,0.343248,-0.319786,0.883128,3.1e-05,-0.000613,-0.000491,2.003042,-1.799657,-4.719101,-1.106639
385,0.243514,-0.02401,0.360041,-0.932899,-0.051472,-0.356505,-0.079309,-0.936132,0.342546,-0.350208,0.347894,0.869685,0.01435,0.001102,-0.000203,0.041909,0.117345,0.090761,-1.915599,-0.175807,-0.03891,0.339591,-0.856041,0.18204,0.483784,-0.145859,-0.982911,0.111998,0.496976,0.025098,0.867322,0.00069,-0.014401,0.005081,0.112021,-0.187639,-0.159375,-1.399511,0.039745,0.025205,-0.010265,0.842258,-0.191961,0.503736,0.167398,0.981389,0.09409,-0.512423,0.005076,0.858717,0.000351,-0.007035,0.002701,0.234151,-0.347352,-0.235715,-1.009587,0.121548,0.027428,-0.045088,0.938209,0.184302,-0.292908,-0.069768,0.929743,0.361536,0.338961,-0.318761,0.885152,0.000599,-0.005564,0.004236,-0.006985,0.1327,0.056206,-1.10517
386,0.243768,-0.024268,0.360275,-0.934174,-0.053045,-0.352919,-0.075721,-0.936954,0.341109,-0.347602,0.345439,0.871706,0.015429,-0.009208,0.008986,-0.030448,0.003405,0.013299,-1.915431,-0.175567,-0.039302,0.339471,-0.856846,0.18702,0.480447,-0.15603,-0.982196,0.104303,0.492472,0.014188,0.870134,0.014691,-0.006741,-0.007996,0.042923,-0.133038,0.158128,-1.398579,0.039859,0.025008,-0.010317,0.84362,-0.196291,0.499773,0.177402,0.980407,0.08561,-0.506786,0.016438,0.861914,0.000305,-0.008754,0.000974,-0.045093,0.022228,-0.052172,-1.008934,0.121681,0.0273,-0.044971,0.939074,0.185565,-0.289315,-0.072912,0.930129,0.359919,0.335889,-0.316897,0.886991,0.007717,-0.004634,0.004462,-0.048502,-0.026272,0.015493,-1.101904
387,0.243959,-0.024643,0.360617,-0.935816,-0.049417,-0.349074,-0.077457,-0.937155,0.340167,-0.342783,0.345428,0.873617,6e-06,-4e-05,-3.4e-05,0.014125,0.045559,0.020998,-1.914816,-0.175486,-0.039633,0.339338,-0.859381,0.184661,0.476818,-0.155384,-0.982669,0.100754,0.488236,0.012279,0.872547,-0.000122,-0.004337,-0.004354,0.003718,0.005077,-0.02997,-1.400791,0.039905,0.024834,-0.010393,0.846149,-0.194258,0.49628,0.176873,0.980782,0.082341,-0.502738,0.018106,0.864247,-5.5e-05,-0.002038,-0.002047,-0.017615,0.031228,-0.019534,-1.003055,0.121777,0.027111,-0.044801,0.94092,0.182212,-0.285423,-0.071279,0.930574,0.359095,0.331039,-0.317535,0.888585,0.00052,-0.00508,0.004658,-0.035697,0.03188,0.005701,-1.099781
388,0.24386,-0.024852,0.360826,-0.935372,-0.054659,-0.349483,-0.072555,-0.937374,0.340643,-0.345053,0.344048,0.873268,0.000877,-0.00907,0.010263,-0.03537,0.005338,-0.022165,-1.915588,-0.175463,-0.039818,0.339266,-0.859273,0.183433,0.477487,-0.154159,-0.982897,0.100414,0.488815,0.012459,0.87222,-0.000105,-0.003747,-0.003767,-0.014092,0.100843,-0.203653,-1.40116,0.039917,0.024744,-0.010426,0.845918,-0.193114,0.497121,0.175652,0.981015,0.082193,-0.503556,0.017792,0.863778,-5e-05,-0.001806,-0.001818,-0.01435,0.101452,-0.203043,-1.006321,0.121727,0.027006,-0.044697,0.939721,0.187377,-0.28603,-0.076064,0.930081,0.359393,0.333373,-0.315972,0.888269,0.000424,-0.004468,0.00519,-0.035604,0.003249,-0.024227,-1.099944
389,0.243911,-0.024845,0.36091,-0.935169,-0.05403,-0.350123,-0.07337,-0.937373,0.340471,-0.34543,0.344148,0.87308,0.013875,0.00419,0.00245,0.000984,-0.014714,0.029553,-1.915827,-0.175484,-0.03992,0.339239,-0.85841,0.181294,0.47985,-0.153063,-0.983318,0.097934,0.490674,0.010408,0.871203,0.000727,-0.013293,0.00617,-0.022586,0.024237,-0.028193,-1.399494,0.039906,0.024697,-0.010444,0.845045,-0.190901,0.499453,0.174642,0.981406,0.079629,-0.505368,0.019935,0.862672,-4.9e-05,-0.001727,-0.001739,0.04606,0.04971,-0.030576,-1.006484,0.121748,0.027007,-0.044657,0.939637,0.186801,-0.286683,-0.075303,0.930183,0.359287,0.333783,-0.316011,0.888101,0.000285,-0.003581,0.005953,-0.034888,0.004412,-0.024003,-1.097985
390,0.244203,-0.0247,0.361036,-0.935707,-0.051179,-0.349111,-0.075242,-0.937762,0.33899,-0.34357,0.343521,0.87406,-0.000329,0.002062,0.001773,0.000538,0.001754,0.000807,-1.915275,-0.175782,-0.039988,0.339285,-0.858302,0.180202,0.480453,-0.151989,-0.983517,0.097604,0.491197,0.010539,0.870907,-0.014861,0.001457,0.00271,0.010268,-0.072825,0.148657,-1.401626,0.039762,0.024652,-0.010425,0.844956,-0.189704,0.500061,0.173469,0.981642,0.079286,-0.505922,0.019751,0.862352,3.9e-05,0.001365,0.001378,1e-06,-7.7e-05,0.000271,-1.007627,0.121898,0.027084,-0.044591,0.940517,0.184005,-0.285601,-0.073444,0.930875,0.357877,0.331711,-0.315614,0.889018,-0.0002,0.001237,0.00106,-0.006171,-0.009799,0.001341,-1.098638
391,0.244222,-0.024615,0.361092,-0.936344,-0.060891,-0.345829,-0.064697,-0.938113,0.340192,-0.343978,0.340981,0.874893,-0.000224,0.001401,0.001204,0.015528,-0.015075,-0.039094,-1.915136,-0.17628,-0.039868,0.339477,-0.859466,0.178067,0.479167,-0.150847,-0.983918,0.095311,0.489508,0.009428,0.871869,-0.014787,0.003604,0.004856,-0.000167,0.00232,-0.003538,-1.402596,0.039514,0.024714,-0.010327,0.846226,-0.187719,0.49866,0.172475,0.982,0.076982,-0.504136,0.020862,0.863372,-0.007404,0.001538,0.00217,-0.005268,0.019302,-0.027445,-1.00828,0.121908,0.027127,-0.044562,0.939616,0.193646,-0.282173,-0.083971,0.929765,0.358448,0.331767,-0.313109,0.889883,-0.00013,0.000817,0.0007,0.052781,-0.057723,-0.130746,-1.099618
392,0.244259,-0.024569,0.361128,-0.936235,-0.060521,-0.346189,-0.065138,-0.938146,0.340014,-0.344191,0.340953,0.87482,0.013966,0.003545,0.001889,0.000985,-0.014712,0.029554,-1.915508,-0.176557,-0.039836,0.339562,-0.859374,0.17715,0.479672,-0.149985,-0.984084,0.094965,0.489936,0.00946,0.871629,-0.014822,0.002322,0.003562,-0.014363,0.103215,-0.207158,-1.401351,0.039381,0.024733,-0.010282,0.846139,-0.186961,0.499093,0.171762,0.982146,0.076715,-0.504526,0.020814,0.863145,-0.00742,0.000962,0.00159,-0.002416,0.015797,-0.02881,-1.008444,0.121921,0.027148,-0.044545,0.939553,0.193359,-0.282578,-0.0836,0.929853,0.358306,0.332038,-0.313024,0.889812,-0.00016,0.000993,0.000851,0.000238,-0.001295,-0.000807,-1.099618
393,0.244671,-0.024496,0.361184,-0.937374,-0.058666,-0.343413,-0.066319,-0.937686,0.341055,-0.340858,0.342539,0.875505,0.014353,0.00112,-0.000198,0.083391,0.255899,0.154022,-1.915347,-0.177177,-0.039826,0.339727,-0.860798,0.178337,0.47667,-0.149128,-0.983815,0.099012,0.48769,0.013936,0.872827,-0.014825,0.002018,0.003246,-0.156908,-0.149778,0.074147,-1.401929,0.039066,0.02474,-0.010197,0.84752,-0.188044,0.496334,0.170711,0.982022,0.080554,-0.502559,0.016458,0.864385,-0.007011,-0.003907,0.006456,-0.609141,-0.583592,0.333593,-1.008281,0.122127,0.027189,-0.044513,0.940345,0.192584,-0.280465,-0.083013,0.929327,0.359805,0.329936,-0.315059,0.889875,0.007211,0.00034,-0.000293,0.160183,0.404804,0.165823,-1.099781
394,0.244916,-0.024454,0.361159,-0.938663,-0.057317,-0.340104,-0.066832,-0.937217,0.342241,-0.337202,0.344044,0.87633,-7.6e-05,0.000467,0.000401,0.00198,0.00651,0.002995,-1.915384,-0.177437,-0.039623,0.339968,-0.865147,0.182315,0.467198,-0.149975,-0.982947,0.106102,0.479658,0.021511,0.877114,0.000235,0.006957,0.00696,-2.7e-05,-0.020579,0.02672,-1.401551,0.03893,0.024834,-0.010084,0.852109,-0.192356,0.486732,0.171396,0.981287,0.087745,-0.494502,0.008656,0.869133,0.000115,0.003493,0.003503,-0.01644,-0.007607,0.034663,-1.00926,0.122255,0.027206,-0.04453,0.94206,0.190291,-0.276245,-0.081963,0.929141,0.360524,0.325275,-0.316993,0.890904,-4.2e-05,0.000262,0.000221,-0.009865,-0.013734,0.005813,-1.099944
395,0.245141,-0.024342,0.36114,-0.938638,-0.062981,-0.339173,-0.061561,-0.93687,0.344176,-0.338271,0.344009,0.875932,0.014215,0.001967,0.000525,0.000985,-0.014713,0.029554,-1.915312,-0.177463,-0.039407,0.3402,-0.865943,0.183939,0.465082,-0.15057,-0.982592,0.108511,0.478029,0.023721,0.877945,0.000184,0.005455,0.005445,0.001787,-0.012747,0.025782,-1.402204,0.038917,0.024948,-0.009961,0.85279,-0.194061,0.484859,0.171926,0.980968,0.090233,-0.493142,0.00641,0.869924,7.9e-05,0.002413,0.002411,0.002377,-0.011535,0.025528,-1.00926,0.122367,0.027263,-0.044538,0.941147,0.195949,-0.275402,-0.087227,0.92801,0.362198,0.326548,-0.316859,0.890486,0.007114,0.000955,0.000234,0.001281,-0.015715,0.028919,-1.098311
396,0.245337,-0.024345,0.361149,-0.939302,-0.060514,-0.337779,-0.062988,-0.937239,0.342912,-0.336164,0.343443,0.876965,0.014415,0.000741,-0.00053,0.134203,0.426122,0.232463,-1.915477,-0.177447,-0.039317,0.340319,-0.86597,0.184252,0.464907,-0.150835,-0.982532,0.108688,0.477896,0.02378,0.878017,0.000186,0.005522,0.005505,0.001786,-0.012745,0.025783,-1.402845,0.038925,0.024991,-0.009904,0.852808,-0.194378,0.484699,0.17219,0.980905,0.090411,-0.493019,0.006357,0.869994,9.7e-05,0.002972,0.002965,0.001904,-0.012584,0.025852,-1.009913,0.12246,0.027263,-0.044532,0.94124,0.195234,-0.27559,-0.086559,0.928183,0.361914,0.326456,-0.316794,0.890543,0.000133,-0.000808,-0.000697,0.156832,0.518348,0.238024,-1.099454
397,0.245462,-0.024376,0.361126,-0.939836,-0.061382,-0.336134,-0.062431,-0.936366,0.345389,-0.334778,0.345664,0.876622,0.000131,-0.000799,-0.000686,-0.017039,0.010081,-0.01042,-1.915481,-0.177427,-0.039095,0.340568,-0.867466,0.186477,0.461218,-0.151105,-0.981995,0.113083,0.475087,0.028184,0.87941,0.000199,0.005944,0.005913,-1e-05,-1.1e-05,7e-06,-1.404273,0.038935,0.025104,-0.009778,0.85433,-0.196769,0.481041,0.172397,0.980447,0.094873,-0.490304,0.001878,0.871548,0.000115,0.003552,0.003532,0.005832,-0.008527,0.023151,-1.01024,0.122528,0.027246,-0.044545,0.942365,0.194432,-0.272293,-0.086372,0.927604,0.36344,0.323245,-0.318974,0.890936,9.8e-05,-0.000592,-0.00051,-0.206999,0.116661,-0.125196,-1.099618
398,0.245496,-0.024386,0.361128,-0.940268,-0.061888,-0.334832,-0.062297,-0.93552,0.347697,-0.333592,0.347859,0.876207,0.014205,0.002045,0.000588,0.000981,-0.014712,0.029551,-1.9157,-0.177498,-0.038878,0.340789,-0.868952,0.188743,0.457483,-0.151469,-0.981426,0.117453,0.472242,0.032544,0.880791,0.000152,0.004542,0.004508,-3.4e-05,-3.6e-05,2.2e-05,-1.404319,0.038899,0.025215,-0.009664,0.855829,-0.199158,0.47738,0.172676,0.979964,0.099264,-0.487585,-0.002521,0.873071,8.5e-05,0.002612,0.002593,0.006101,-0.008249,0.022925,-1.01073,0.12254,0.027238,-0.044546,0.942632,0.195028,-0.27094,-0.086587,0.926663,0.365783,0.322408,-0.321339,0.890389,-1.7e-05,0.000105,8.7e-05,0.004334,-0.002828,0.001628,-1.101414
399,0.245657,-0.02438,0.361148,-0.940987,-0.059644,-0.333216,-0.063455,-0.935868,0.34655,-0.331346,0.347312,0.877275,-0.0,2e-06,2e-06,0.081575,0.270797,0.124621,-1.915553,-0.177606,-0.038787,0.340889,-0.868944,0.188683,0.457522,-0.151412,-0.981437,0.117428,0.472274,0.032542,0.880773,0.00014,0.00415,0.004115,0.0,-0.0,-0.0,-1.404357,0.038845,0.025261,-0.009614,0.855807,-0.199075,0.477453,0.172618,0.979981,0.099196,-0.487643,-0.002475,0.873039,-0.007351,0.002191,0.002777,0.000324,0.003086,-0.003848,-1.01073,0.122626,0.027243,-0.044535,0.943231,0.193629,-0.269856,-0.085898,0.927056,0.364949,0.320837,-0.321051,0.89106,-1e-06,1.2e-05,6e-06,0.12688,0.34554,0.117292,-1.101414
400,0.246007,-0.024387,0.361113,-0.941642,-0.057205,-0.33179,-0.064835,-0.936248,0.345268,-0.329218,0.346695,0.87832,-0.000724,0.008035,-0.01115,0.130351,0.325768,0.142844,-1.915524,-0.17797,-0.038618,0.341057,-0.869155,0.19176,0.455839,-0.151722,-0.980645,0.123493,0.471786,0.037948,0.880819,-0.014704,0.003791,0.004954,-0.008987,0.014847,0.003277,-1.404444,0.038669,0.025344,-0.009532,0.855853,-0.202301,0.476013,0.172789,0.979289,0.10552,-0.487502,-0.00806,0.873083,5.4e-05,0.001665,0.001653,0.01316,-0.006662,-0.002356,-1.012363,0.1228,0.02724,-0.044546,0.943931,0.191591,-0.26886,-0.084584,0.927545,0.36401,0.319121,-0.320859,0.891745,8.1e-05,-0.000485,-0.000421,0.191132,0.50469,0.156727,-1.108599
401,0.246172,-0.024391,0.361096,-0.942105,-0.057841,-0.330361,-0.064525,-0.935397,0.347622,-0.327955,0.34888,0.877927,0.000204,-0.001231,-0.001059,2e-05,6.8e-05,3.1e-05,-1.915521,-0.178255,-0.038494,0.341205,-0.869872,0.19273,0.454058,-0.151776,-0.980367,0.125612,0.470442,0.040124,0.88144,0.00012,0.003365,0.003326,0.001786,-0.012743,0.025784,-1.404627,0.038521,0.025407,-0.009456,0.856692,-0.203238,0.474101,0.172832,0.979077,0.107408,-0.486011,-0.010076,0.873894,5.4e-05,0.001602,0.001588,0.002493,-0.013079,0.025225,-1.015955,0.122883,0.027239,-0.04456,0.94472,0.191088,-0.266435,-0.084309,0.926862,0.36581,0.316851,-0.323126,0.891736,0.000109,-0.000661,-0.00057,0.000457,-0.003846,0.000458,-1.109415
402,0.24631,-0.024433,0.361049,-0.942797,-0.055543,-0.328777,-0.065732,-0.93576,0.346416,-0.325726,0.348275,0.878996,0.000314,-0.001894,-0.001629,0.155527,0.518933,0.238846,-1.915713,-0.178361,-0.038373,0.341348,-0.870575,0.193506,0.452378,-0.151643,-0.980121,0.127677,0.469182,0.042324,0.88201,0.000159,0.00443,0.004373,0.001754,-0.012781,0.025806,-1.405003,0.038468,0.025463,-0.009389,0.857422,-0.204065,0.472423,0.172638,0.978879,0.109502,-0.484791,-0.012331,0.874542,-0.007351,0.001762,0.002341,0.001674,0.019118,-0.031901,-1.017915,0.122952,0.027219,-0.044583,0.944678,0.190845,-0.266757,-0.083994,0.926934,0.365699,0.317058,-0.323062,0.891685,0.000199,-0.001198,-0.001033,0.000233,-0.000359,-0.000675,-1.110558
403,0.246274,-0.024479,0.361013,-0.942813,-0.055598,-0.328721,-0.065666,-0.935755,0.346442,-0.325692,0.348279,0.879007,0.000349,-0.002106,-0.001812,0.002274,0.007586,0.003491,-1.915232,-0.178377,-0.038298,0.341481,-0.871303,0.194588,0.450509,-0.151767,-0.979804,0.129937,0.467786,0.044612,0.882638,0.000209,0.005814,0.005733,0.001675,-0.012862,0.02586,-1.404762,0.038459,0.025499,-0.009324,0.85816,-0.205209,0.470583,0.172716,0.978608,0.111779,-0.483455,-0.014647,0.875245,9.9e-05,0.002821,0.002785,0.004244,0.004483,-0.003005,-1.018078,0.122933,0.027196,-0.044601,0.94566,0.188908,-0.264648,-0.083227,0.92743,0.364615,0.314322,-0.322777,0.892757,0.000204,-0.001221,-0.001053,-0.009917,0.002105,-0.018811,-1.111048
404,0.245936,-0.024553,0.360992,-0.942783,-0.055468,-0.328828,-0.065825,-0.935756,0.34641,-0.325747,0.348298,0.878979,-0.01423,-0.001949,-0.0005,-0.000984,0.014716,-0.029553,-1.914568,-0.178349,-0.038101,0.341658,-0.87204,0.195801,0.448552,-0.152086,-0.979461,0.132135,0.466304,0.046777,0.88331,0.000156,0.004358,0.004289,-0.010549,0.075198,-0.152161,-1.404798,0.038474,0.025602,-0.009231,0.858897,-0.206585,0.468633,0.173101,0.978285,0.113997,-0.482007,-0.01679,0.876006,6.2e-05,0.001804,0.001776,0.000382,0.000447,-0.000376,-1.019221,0.122776,0.027157,-0.044614,0.945597,0.18878,-0.264964,-0.082969,0.927432,0.364672,0.314579,-0.322849,0.89264,-7e-06,5e-05,4.8e-05,0.005264,-0.08524,0.179272,-1.110395
405,0.245629,-0.024619,0.361015,-0.942461,-0.054332,-0.329941,-0.067231,-0.935814,0.345982,-0.326391,0.348318,0.878732,-1.4e-05,8.4e-05,7.2e-05,0.005297,-0.084465,0.179989,-1.914277,-0.178299,-0.037931,0.341822,-0.87155,0.198141,0.448476,-0.152574,-0.978827,0.136206,0.46706,0.05005,0.88273,0.000181,0.005099,0.00501,-0.02083,-0.015202,0.041885,-1.404938,0.038499,0.025683,-0.009153,0.858212,-0.208867,0.468876,0.173351,0.977735,0.11825,-0.483135,-0.020204,0.875311,9.2e-05,0.002687,0.002639,-0.155741,-0.198676,0.139414,-1.020527,0.122611,0.027124,-0.044602,0.945508,0.187805,-0.265976,-0.081753,0.927649,0.364392,0.315167,-0.322792,0.892454,-0.007129,-0.000889,-0.000172,-0.000794,0.014493,-0.030083,-1.111375
406,0.245534,-0.024647,0.361026,-0.942392,-0.054096,-0.330176,-0.067534,-0.935816,0.345919,-0.326526,0.348351,0.878669,-0.014234,-0.001924,-0.000483,-0.000984,0.014715,-0.029553,-1.914378,-0.17825,-0.037837,0.341925,-0.871571,0.19838,0.448331,-0.152787,-0.978777,0.136326,0.466952,0.050084,0.882786,0.000179,0.005077,0.004983,-0.00015,0.000213,0.000116,-1.404968,0.038523,0.025732,-0.009099,0.858335,-0.209078,0.468558,0.173619,0.977691,0.118215,-0.482822,-0.020118,0.875487,0.000105,0.003033,0.00298,0.006776,-0.016863,0.023458,-1.02118,0.122569,0.027111,-0.044596,0.945474,0.187456,-0.266342,-0.081312,0.927723,0.364303,0.315383,-0.322782,0.892381,-1e-06,6e-06,8e-06,0.000141,-0.000195,-0.000429,-1.111865
407,0.245288,-0.024673,0.361024,-0.942266,-0.053635,-0.33061,-0.068085,-0.935853,0.34571,-0.326774,0.348322,0.878588,-2e-06,1e-05,9e-06,0.005299,-0.084455,0.179994,-1.914591,-0.178189,-0.037654,0.3421,-0.872298,0.199491,0.446421,-0.153013,-0.978436,0.138504,0.465517,0.052272,0.883416,0.00013,0.003722,0.003646,-0.0,0.0,0.0,-1.404826,0.038554,0.025828,-0.009007,0.859094,-0.210224,0.46665,0.173799,0.977398,0.120355,-0.481405,-0.022293,0.876214,6.2e-05,0.001838,0.001799,0.00025,0.000172,-0.000372,-1.02167,0.122441,0.027097,-0.044597,0.945438,0.187025,-0.266773,-0.080794,0.927833,0.364138,0.315624,-0.322717,0.892319,-1e-06,-0.0,4e-06,0.005408,-0.084564,0.179689,-1.113008
408,0.24515,-0.024699,0.361014,-0.940512,-0.056981,-0.335017,-0.067187,-0.935244,0.34753,-0.331956,0.34943,0.876203,1e-06,-6e-06,-5e-06,-0.042123,-0.142632,-0.065633,-1.914195,-0.178164,-0.037511,0.342195,-0.871078,0.200707,0.448253,-0.153299,-0.978133,0.140317,0.467705,0.053272,0.882201,0.014881,0.00269,0.001442,0.001894,-0.014992,0.029361,-1.404328,0.038566,0.025901,-0.008959,0.857786,-0.211396,0.468524,0.174052,0.977123,0.122215,-0.483642,-0.023287,0.874956,0.007437,0.00129,0.000668,0.005896,-0.019857,0.027537,-1.020201,0.122372,0.027084,-0.044602,0.943568,0.189941,-0.271294,-0.081413,0.927079,0.365918,0.321014,-0.323182,0.890226,-1e-06,2e-06,5e-06,-0.042201,-0.145896,-0.068891,-1.113334
409,0.245105,-0.024691,0.361024,-0.940494,-0.056915,-0.335079,-0.067267,-0.93525,0.347499,-0.331992,0.349425,0.876191,-5.3e-05,0.000329,0.000283,-0.000523,-0.001772,-0.000816,-1.913797,-0.178096,-0.037498,0.342217,-0.869864,0.202042,0.450008,-0.153642,-0.977797,0.142271,0.469851,0.054376,0.880992,1.8e-05,0.000525,0.000514,-0.008726,0.012394,0.006741,-1.404675,0.038595,0.025908,-0.008947,0.856396,-0.212709,0.470466,0.174301,0.976808,0.124355,-0.486007,-0.024495,0.873611,7e-06,0.000247,0.000242,0.009684,-0.008342,0.000951,-1.017588,0.12235,0.027087,-0.044598,0.943468,0.190273,-0.271408,-0.081698,0.927053,0.365919,0.321234,-0.32306,0.89019,-0.007152,-0.000746,-5.7e-05,0.006102,0.025161,-0.032349,-1.113497
410,0.244872,-0.024728,0.360998,-0.940583,-0.057198,-0.334779,-0.066909,-0.935233,0.347613,-0.33181,0.349425,0.87626,-0.014198,-0.002146,-0.000682,-0.000984,0.014714,-0.029553,-1.914141,-0.177802,-0.037495,0.342109,-0.868667,0.20358,0.451623,-0.154259,-0.977425,0.144145,0.471861,0.055305,0.879859,-0.000829,0.009014,-0.010441,-0.035749,0.092981,0.074541,-1.402364,0.038742,0.025906,-0.008997,0.855355,-0.213931,0.471805,0.174765,0.976521,0.125947,-0.487672,-0.025275,0.87266,-3.7e-05,-0.001095,-0.001077,-0.118569,0.164521,0.085576,-1.012853,0.122238,0.02707,-0.04461,0.943537,0.190505,-0.271008,-0.08206,0.927011,0.365945,0.320942,-0.323044,0.890302,-0.007094,-0.001105,-0.000364,-0.000997,0.015207,-0.029049,-1.113334
411,0.244229,-0.0247,0.360898,-0.939083,-0.061407,-0.338228,-0.064839,-0.934653,0.349558,-0.336424,0.350265,0.874162,-0.015329,0.008512,-0.009584,-0.051984,-0.384748,0.029992,-1.913639,-0.177407,-0.037361,0.34186,-0.863787,0.209438,0.458257,-0.156383,-0.97597,0.151527,0.480062,0.058974,0.875172,0.014746,-0.001263,-0.002439,-0.316765,0.436299,0.275311,-1.392153,0.038934,0.025971,-0.009123,0.851193,-0.218544,0.477188,0.176459,0.975422,0.131965,-0.4943,-0.028123,0.868836,-0.000426,0.004064,-0.00566,-0.003617,0.067207,0.03726,-1.006811,0.121928,0.027081,-0.044656,0.942175,0.193413,-0.273671,-0.083439,0.926312,0.3674,0.324565,-0.32332,0.888887,-0.007144,-0.000766,-7.3e-05,-0.194544,-0.526264,-0.216321,-1.113824
412,0.243151,-0.024633,0.360677,-0.933118,-0.075717,-0.351573,-0.057937,-0.933207,0.3546,-0.35378,0.351342,0.866849,-0.042716,-0.005565,-0.001348,-0.158242,-0.476914,-0.32901,-1.913564,-0.176967,-0.036923,0.341367,-0.855147,0.220795,0.469003,-0.161156,-0.973088,0.164509,0.493774,0.064833,0.867091,0.013201,0.020863,-0.019305,-0.211683,0.369035,0.287524,-1.311984,0.03916,0.026182,-0.00937,0.841188,-0.230246,0.489273,0.180981,0.972514,0.146501,-0.509556,-0.034686,0.859737,-0.000395,0.005067,-0.004678,-0.33216,0.429493,0.476748,-0.976602,0.121388,0.027119,-0.04477,0.935048,0.206932,-0.287859,-0.089873,0.923806,0.372162,0.342938,-0.322119,0.8824,-0.014235,-0.001864,-0.000441,-0.220034,-0.64272,-0.346711,-1.113661
413,0.242515,-0.024652,0.360577,-0.92718,-0.087483,-0.364319,-0.052267,-0.932689,0.356835,-0.369862,0.349996,0.860658,-0.028364,-0.004435,-0.001536,0.391894,-1.070932,0.020381,-1.913106,-0.176837,-0.036561,0.341058,-0.850121,0.227473,0.474912,-0.164065,-0.971339,0.171806,0.501445,0.067866,0.862444,0.013205,0.021304,-0.01887,-0.203457,0.355697,0.280898,-1.308021,0.039224,0.026363,-0.009524,0.835817,-0.236778,0.495322,0.18377,0.970832,0.153989,-0.517336,-0.037681,0.854951,-0.000783,0.010516,-0.00897,-0.274599,0.390321,0.482662,-0.971703,0.121065,0.02711,-0.04482,0.928676,0.218003,-0.300056,-0.095456,0.922253,0.374617,0.358395,-0.319256,0.877284,-0.014166,-0.002355,-0.00089,1.716265,-2.089396,0.742042,-1.115457
414,0.240826,-0.024896,0.360341,-0.913477,-0.118559,-0.389293,-0.035452,-0.929832,0.366233,-0.404263,0.348489,0.845668,-0.042104,-0.009716,-0.004994,-0.3,-0.79178,-0.724955,-1.913119,-0.176803,-0.035792,0.340446,-0.842493,0.238043,0.483253,-0.169137,-0.968524,0.182448,0.512526,0.071689,0.855594,-0.00154,0.022392,-0.016588,-0.289551,0.484237,0.31569,-1.296458,0.039247,0.026746,-0.009832,0.828626,-0.246405,0.502656,0.188748,0.968315,0.163523,-0.527022,-0.040625,0.848879,-0.000355,0.006225,-0.003535,0.044281,-0.004676,0.035133,-0.986236,0.120246,0.026995,-0.044928,0.912921,0.246228,-0.325492,-0.11149,0.917632,0.38147,0.392611,-0.311963,0.865178,-0.02817,-0.005769,-0.002696,-0.202615,-0.489955,-0.659088,-1.110068
415,0.238664,-0.025273,0.360054,-0.895701,-0.15133,-0.418168,-0.016323,-0.92853,0.37086,-0.443291,0.339188,0.829742,-0.056286,-0.01236,-0.006242,-0.27562,-0.834971,-0.72296,-1.913543,-0.176862,-0.035172,0.340073,-0.839973,0.24218,0.485578,-0.171861,-0.967471,0.185467,0.51575,0.072044,0.853625,-0.000724,0.012704,-0.006815,-0.009752,0.054266,0.054191,-1.189511,0.039217,0.027061,-0.010021,0.824816,-0.251534,0.506367,0.191627,0.966949,0.168187,-0.531937,-0.041689,0.845756,-0.000347,0.006551,-0.003211,0.009589,0.022978,0.074675,-0.952108,0.119149,0.026805,-0.045078,0.892239,0.278223,-0.355669,-0.131211,0.913395,0.385346,0.432079,-0.297153,0.851473,-0.028159,-0.006008,-0.00294,-0.284178,-1.125359,-0.858064,-1.103047
416,0.23745,-0.025444,0.359893,-0.885905,-0.169889,-0.431689,-0.005161,-0.926897,0.375243,-0.46278,0.334864,0.820809,-0.057505,-0.00066,-0.014294,-0.271429,-0.644302,-0.850203,-1.913761,-0.176895,-0.034972,0.339983,-0.83728,0.244699,0.488954,-0.172393,-0.966725,0.188833,0.519938,0.07352,0.850954,6.8e-05,0.002213,0.002166,-0.258717,0.429912,0.012061,-1.141412,0.039201,0.027167,-0.010069,0.822697,-0.253284,0.508936,0.192001,0.966451,0.170607,-0.535075,-0.042642,0.843727,4.1e-05,0.001151,0.001128,-0.349046,0.531576,0.048399,-0.923859,0.118544,0.026711,-0.045159,0.880522,0.296103,-0.370138,-0.142413,0.910059,0.389242,0.452103,-0.290024,0.843497,-0.035341,-0.006625,-0.002951,-0.384604,-0.800085,-1.007231,-1.093249
417,0.234626,-0.02551,0.359346,-0.864091,-0.200959,-0.461529,0.009006,-0.92291,0.384877,-0.50222,0.328656,0.799868,-0.072904,0.009223,-0.02292,-0.328427,-0.8531,-1.120616,-1.899514,-0.176864,-0.034584,0.339925,-0.829196,0.253393,0.498215,-0.174505,-0.96407,0.200124,0.532061,0.078695,0.84296,0.000132,0.004367,0.004267,-0.470683,0.648949,0.361462,-0.855481,0.039216,0.027357,-0.010101,0.81493,-0.260863,0.517531,0.193621,0.964211,0.181128,-0.546259,-0.047401,0.836273,-0.000313,0.007894,-0.001903,-0.113255,0.195096,0.172615,-0.822619,0.117137,0.026674,-0.04543,0.857229,0.324007,-0.400222,-0.15631,0.904285,0.397283,0.490637,-0.278004,0.825825,-0.035935,-0.000716,-0.006962,-0.278252,-1.064132,-1.163403,-1.07741
418,0.2316,-0.025317,0.358323,-0.843038,-0.225047,-0.488555,0.017095,-0.919047,0.39374,-0.536568,0.323861,0.779253,-0.086449,0.001963,-0.028321,-0.385016,-0.7508,-1.186527,-1.79256,-0.176819,-0.034154,0.339923,-0.816996,0.263727,0.512794,-0.172189,-0.960212,0.219721,0.551358,0.090894,0.82922,-0.000619,0.016252,-0.00336,-3.152294,-0.747737,-4.265256,-0.586701,0.039239,0.027568,-0.010099,0.799327,-0.276335,0.533587,0.19642,0.959361,0.202594,-0.567886,-0.057131,0.821121,-0.000314,0.007917,-0.001885,-0.39921,0.575497,0.376103,-0.681699,0.115655,0.02678,-0.045921,0.835365,0.344907,-0.428023,-0.164061,0.899603,0.40472,0.524641,-0.267867,0.808083,-0.03647,0.006473,-0.018933,-0.137562,-0.803118,-0.737944,-1.043282
419,0.228797,-0.024911,0.356905,-0.820369,-0.253448,-0.512643,0.032397,-0.91561,0.400725,-0.569925,0.312444,0.759994,-0.073748,0.022301,-0.048137,-0.198916,-0.432983,-0.955424,-1.67407,-0.176781,-0.033488,0.339731,-0.803758,0.271439,0.529421,-0.161007,-0.955813,0.245833,0.573758,0.11202,0.811244,0.014087,0.016304,-0.004522,-0.361294,0.432953,0.564965,-0.336276,0.039258,0.027909,-0.010195,0.786984,-0.278901,0.550335,0.179039,0.956846,0.228887,-0.590424,-0.081599,0.802957,0.007045,0.008138,-0.002276,-0.333741,0.406353,0.556917,-0.607892,0.114222,0.026974,-0.046636,0.809115,0.372883,-0.454193,-0.180221,0.893105,0.412169,0.559332,-0.251637,0.789825,-0.036358,0.005642,-0.019732,-0.277621,-0.566828,-1.044486,-0.998868
420,0.227439,-0.024503,0.356007,-0.809817,-0.257591,-0.527151,0.026385,-0.913574,0.405782,-0.585112,0.315015,0.747286,-0.059542,0.024884,-0.046957,-0.484086,-0.639172,-0.531996,-1.568289,-0.176761,-0.033051,0.339505,-0.795735,0.279842,0.537109,-0.159384,-0.952266,0.260229,0.585286,0.121126,0.801643,-0.001466,0.025023,-0.014018,-0.475396,0.632187,0.664671,-0.219583,0.039268,0.02812,-0.0103,0.779593,-0.285934,0.557203,0.17696,0.95401,0.24197,-0.600765,-0.090036,0.794338,-0.000347,0.006807,-0.002967,-0.540202,0.713294,0.667911,-0.54127,0.113565,0.027165,-0.047071,0.799931,0.375883,-0.467783,-0.175427,0.891945,0.416725,0.573876,-0.251289,0.779435,-0.029711,0.011987,-0.023766,-1.731036,0.254648,4.941832,-0.962617
421,0.225069,-0.02344,0.354097,-0.789281,-0.259997,-0.556311,0.005938,-0.909155,0.416382,-0.613051,0.325657,0.719821,-0.060279,0.03484,-0.056522,-0.398106,-1.105182,-0.979165,-1.444116,-0.17685,-0.032198,0.338711,-0.778523,0.299895,0.551322,-0.161955,-0.94461,0.285337,0.607325,0.132485,0.783242,-0.001656,0.018569,-0.020284,-0.560239,0.736501,0.694722,-0.072272,0.039223,0.028562,-0.010697,0.761596,-0.305554,0.571496,0.1792,0.946778,0.267393,-0.622782,-0.101233,0.775817,-0.000826,0.009029,-0.010387,-0.476913,0.64986,0.662352,-0.343688,0.112353,0.027702,-0.048039,0.781853,0.374735,-0.498275,-0.153862,0.890461,0.428256,0.604178,-0.258168,0.753868,-0.029647,0.011965,-0.023893,-0.002655,-1.052845,-0.348819,-0.910854
422,0.223108,-0.022279,0.351928,-0.765021,-0.276021,-0.581894,-0.004379,-0.901278,0.433187,-0.643068,0.334284,0.689018,-0.045612,0.033135,-0.059036,-0.372047,-0.953142,-0.871906,-1.231207,-0.176915,-0.03142,0.337915,-0.763707,0.314213,0.563927,-0.158856,-0.938075,0.307754,0.626656,0.145065,0.765586,-0.001626,0.019554,-0.019317,-0.517989,0.607448,0.829382,0.042759,0.039191,0.028937,-0.011093,0.746596,-0.318612,0.584021,0.175425,0.941074,0.289145,-0.641732,-0.113423,0.758494,-0.000806,0.009572,-0.009856,-0.179228,0.318205,0.389163,-0.212565,0.111366,0.028286,-0.04912,0.756603,0.38874,-0.525767,-0.143726,0.883288,0.446255,0.637882,-0.262072,0.724171,-0.022273,0.010614,-0.0256,-0.231605,-1.290367,-0.650784,-0.867092
423,0.222279,-0.021693,0.350777,-0.749233,-0.288776,-0.596074,-0.007986,-0.89597,0.444013,-0.661354,0.337783,0.669732,-0.031123,0.032591,-0.060494,-0.645191,-1.225832,-1.191105,-1.013448,-0.176937,-0.031022,0.337511,-0.761192,0.314451,0.567185,-0.147081,-0.935412,0.32141,0.632566,0.160846,0.75753,-0.001629,0.019462,-0.019402,-0.5599,0.653886,0.628259,0.102799,0.03918,0.029128,-0.011289,0.744133,-0.318549,0.587188,0.163359,0.93907,0.302422,-0.647748,-0.12912,0.750832,-0.000811,0.009423,-0.010001,-0.568112,0.211224,0.081622,-0.136799,0.110947,0.02858,-0.049694,0.74126,0.39839,-0.540201,-0.14001,0.878877,0.456038,0.656452,-0.262409,0.707255,-0.022647,0.015544,-0.030388,-0.462557,-0.965558,-1.135191,-0.813859
424,0.220908,-0.020304,0.348369,-0.727748,-0.268201,-0.631266,-0.073313,-0.884708,0.460313,-0.68104,0.381601,0.624974,-0.032106,0.045213,-0.067611,-0.704245,-1.215767,-0.373858,-0.522921,-0.177206,-0.030222,0.336652,-0.748674,0.331888,0.573872,-0.144092,-0.926339,0.347947,0.64801,0.177398,0.740592,-0.017147,0.027481,-0.029559,-1.257299,-0.162371,-0.722654,0.181596,0.039051,0.029535,-0.011719,0.729078,-0.338328,0.594961,0.161183,0.929704,0.331164,-0.66518,-0.145547,0.732359,-0.00813,0.007962,-0.010826,-3.573396,-1.487196,-3.401203,-0.007146,0.11025,0.029281,-0.050926,0.723387,0.377869,-0.577862,-0.075028,0.875009,0.478255,0.686353,-0.302608,0.661321,-0.015999,0.022651,-0.033728,-0.735224,-1.296732,-0.353176,-0.677022
425,0.219719,-0.018459,0.345637,-0.68525,-0.276743,-0.673715,-0.119893,-0.869544,0.479051,-0.71755,0.409383,0.563519,-0.032652,0.053479,-0.078512,-0.026149,-2.829692,0.959756,-0.294343,-0.177809,-0.02955,0.335668,-0.748817,0.326366,0.576844,-0.102939,-0.916966,0.385371,0.655648,0.228788,0.719476,-0.016432,0.014339,-0.0232,-2.432546,-1.997105,1.362262,0.311686,0.03875,0.029876,-0.012214,0.728752,-0.330809,0.59957,0.118428,0.923262,0.365459,-0.674458,-0.195323,0.712007,-0.008164,0.006388,-0.012368,-3.901549,-1.29565,-3.303264,0.137366,0.109667,0.030188,-0.052258,0.684653,0.381844,-0.620842,-0.028462,0.865145,0.500713,0.728312,-0.325144,0.603192,-0.008694,0.021784,-0.034951,-0.756877,-1.76372,-0.984136,-0.578394
426,0.218572,-0.016639,0.342293,-0.623186,-0.312364,-0.717017,-0.139767,-0.857565,0.494995,-0.768736,0.409073,0.491662,-0.031573,0.04141,-0.08935,-0.444969,-3.310657,1.559023,-0.197841,-0.178692,-0.028552,0.334361,-0.767976,0.319781,0.554927,-0.058502,-0.89773,0.436568,0.638734,0.302411,0.70741,-0.032595,0.035764,-0.039482,-0.681983,-0.088187,0.677194,0.430784,0.038314,0.030363,-0.012866,0.749632,-0.3259,0.576054,0.072006,0.905358,0.418499,-0.657925,-0.272241,0.702152,-0.016268,0.018053,-0.019569,-1.66907,-0.839139,0.204728,0.309475,0.109091,0.031117,-0.053914,0.62244,0.40969,-0.666874,-0.009256,0.855846,0.517146,0.782612,-0.31572,0.536505,-0.016107,0.025899,-0.049144,-0.824335,-1.574354,-0.752904,-0.435842
427,0.218042,-0.015794,0.340482,-0.595711,-0.329842,-0.732378,-0.148412,-0.850916,0.503873,-0.788654,0.409263,0.458864,-0.017202,0.041371,-0.090403,-0.942076,-1.927868,-0.49946,-0.178355,-0.179299,-0.027709,0.333544,-0.774159,0.332555,0.538588,-0.057515,-0.884193,0.463495,0.631314,0.327426,0.70292,-0.033219,0.049077,-0.04565,-0.515906,0.458683,0.986851,0.47899,0.038011,0.030776,-0.013275,0.756915,-0.337897,0.559379,0.070073,0.892985,0.444597,-0.649745,-0.297324,0.699591,-0.016576,0.025103,-0.022245,-0.189119,-0.110749,0.903737,0.382792,0.108822,0.031533,-0.054824,0.593112,0.422137,-0.685578,0.000175,0.851455,0.524426,0.805119,-0.311164,0.504935,-0.015985,0.024449,-0.050495,-0.653184,-1.591446,-0.383137,-0.396978
428,0.217224,-0.013881,0.336737,-0.547176,-0.361318,-0.755045,-0.163394,-0.838599,0.519641,-0.820259,0.408149,0.400769,-0.017569,0.045861,-0.086455,-0.704011,-1.647619,-0.383011,-0.148436,-0.181034,-0.025729,0.331722,-0.785309,0.346455,0.51308,-0.050087,-0.861471,0.505266,0.618031,0.370655,0.693193,-0.047771,0.04689,-0.046631,-0.33062,0.162351,0.987015,0.519102,0.037148,0.031774,-0.014179,0.767244,-0.353461,0.535164,0.061,0.870862,0.487726,-0.638447,-0.34156,0.689725,-0.023861,0.023603,-0.023126,-0.50889,0.240932,0.980475,0.47946,0.108421,0.032451,-0.056676,0.542835,0.447733,-0.710538,0.015042,0.840722,0.541257,0.839704,-0.304501,0.449639,-0.009076,0.027766,-0.048017,-0.548182,-1.617466,-0.121063,-0.3653
429,0.216505,-0.011738,0.333304,-0.517271,-0.398357,-0.757488,-0.165777,-0.821695,0.545259,-0.838993,0.408113,0.359949,-0.017831,0.049372,-0.083262,-0.365947,-1.066175,-0.320863,-0.052195,-0.183394,-0.023963,0.329766,-0.787939,0.354486,0.50347,-0.034164,-0.84144,0.539207,0.615761,0.407215,0.674446,-0.062475,0.041041,-0.051317,-0.560993,0.504145,0.918119,0.534377,0.035974,0.032666,-0.015149,0.770593,-0.36088,0.525311,0.044258,0.852551,0.520766,-0.635789,-0.37805,0.672941,-0.031213,0.020634,-0.025502,-0.648252,0.588648,1.007124,0.513098,0.108048,0.033561,-0.058461,0.505118,0.482844,-0.715344,0.018848,0.822486,0.568472,0.862844,-0.300628,0.406352,-0.008863,0.024783,-0.041525,-0.357256,-1.066642,-0.303431,-0.314843
430,0.21618,-0.010605,0.331502,-0.502139,-0.419018,-0.756522,-0.165896,-0.811885,0.559726,-0.848124,0.407082,0.339113,-0.01856,0.059491,-0.092458,-0.331354,-1.080976,-0.32859,-0.001955,-0.184754,-0.023188,0.328753,-0.786285,0.362379,0.500428,-0.031172,-0.832048,0.553767,0.618031,0.419362,0.664859,-0.076339,0.0296,-0.042317,-0.53183,0.522637,0.671398,0.536433,0.035323,0.033039,-0.015643,0.768884,-0.368496,0.522519,0.040671,0.84375,0.535191,-0.638092,-0.390249,0.663734,-0.031214,0.019888,-0.026266,-0.245708,0.273973,0.58205,0.517997,0.107899,0.034091,-0.059292,0.488988,0.500088,-0.714703,0.01903,0.81303,0.581909,0.872082,-0.298148,0.388046,-0.009198,0.029526,-0.046409,-0.559072,-1.306061,-0.756919,-0.275653
431,0.215758,-0.008522,0.328047,-0.468411,-0.454208,-0.757846,-0.169675,-0.795556,0.581612,-0.866504,0.401583,0.296528,-0.004148,0.058677,-0.094184,-0.37153,-1.054215,-0.524162,0.058396,-0.187281,-0.021691,0.32693,-0.779077,0.387445,0.492865,-0.042811,-0.817081,0.574874,0.62641,0.426281,0.652501,-0.061408,0.034307,-0.03889,-0.408248,0.369484,0.619334,0.536675,0.034053,0.033773,-0.016568,0.761074,-0.394114,0.515209,0.052105,0.828837,0.557058,-0.646569,-0.397117,0.651341,-0.031002,0.022606,-0.023639,0.052677,-0.007991,0.405076,0.520119,0.107682,0.035137,-0.061014,0.45124,0.529931,-0.718021,0.023572,0.797235,0.603208,0.892091,-0.289116,0.347252,-0.002016,0.02938,-0.047035,-0.283771,-0.916515,-0.445066,-0.195968
432,0.215355,-0.006245,0.324211,-0.435976,-0.487032,-0.756815,-0.172664,-0.78006,0.601386,-0.882718,0.393467,0.256942,-0.003847,0.054885,-0.097836,-0.367251,-1.047446,-0.535365,0.076311,-0.189624,-0.020117,0.325313,-0.779543,0.405806,0.477102,-0.056553,-0.804084,0.591763,0.62474,0.43381,0.649132,-0.04666,0.035474,-0.038867,-0.185653,0.206621,0.346746,0.53614,0.032876,0.034567,-0.017377,0.761094,-0.413401,0.499835,0.065401,0.81557,0.57495,-0.645336,-0.404901,0.647762,-0.030576,0.017775,-0.018834,-0.479873,0.25325,0.602672,0.520772,0.107481,0.036273,-0.06292,0.414786,0.558033,-0.718714,0.027372,0.781857,0.622856,0.909506,-0.278024,0.309029,-0.002237,0.032707,-0.053267,-0.252588,-0.927224,-0.4399,-0.138326
433,0.215237,-0.004988,0.322089,-0.419312,-0.503,-0.755787,-0.174069,-0.772522,0.610641,-0.890497,0.38823,0.237317,-0.004481,0.063725,-0.10824,-0.41404,-1.189275,-0.601421,0.077724,-0.190772,-0.019413,0.324584,-0.77975,0.414419,0.469295,-0.062662,-0.797331,0.600225,0.623897,0.438094,0.647062,-0.061091,0.036219,-0.03714,-0.230171,0.274972,0.33,0.535853,0.032307,0.034922,-0.017745,0.761532,-0.421883,0.492019,0.071364,0.809105,0.583314,-0.644186,-0.4091,0.646267,-0.023241,0.018311,-0.018836,-0.312554,0.44519,0.255044,0.521099,0.107416,0.0369,-0.063975,0.396565,0.571251,-0.718615,0.029005,0.774612,0.631771,0.917548,-0.271381,0.290615,-0.002561,0.037311,-0.058282,-0.328951,-1.079287,-0.512552,-0.126733
434,0.215248,-0.002453,0.317603,-0.38509,-0.534064,-0.752679,-0.177203,-0.757618,0.62816,-0.905247,0.375937,0.198056,-0.004853,0.069162,-0.122046,-0.188719,-1.002659,-0.284369,0.087243,-0.192948,-0.018044,0.323211,-0.777485,0.431967,0.457068,-0.07257,-0.783413,0.617197,0.625648,0.446146,0.63983,-0.06091,0.036994,-0.036461,-0.213171,0.25609,0.317923,0.530837,0.031196,0.035617,-0.018442,0.758561,-0.440284,0.480348,0.080325,0.794742,0.601608,-0.646631,-0.417773,0.638226,-0.030138,0.013115,-0.013893,-0.360492,0.360228,0.344996,0.521589,0.107418,0.038217,-0.066297,0.35555,0.599527,-0.717043,0.033855,0.758407,0.6509,0.934043,-0.255704,0.249355,-0.002314,0.034211,-0.061361,-0.155462,-0.97248,-0.26416,-0.115792
435,0.215332,0.000114,0.312691,-0.342911,-0.571531,-0.745526,-0.183448,-0.73763,0.649785,-0.920873,0.360291,0.149029,-0.004376,0.063095,-0.12837,-0.371098,-1.164797,-0.669481,0.095214,-0.195264,-0.016832,0.321817,-0.737126,0.499513,0.45511,-0.120691,-0.759845,0.638752,0.665792,0.41528,0.61978,-0.060456,0.023675,-0.030541,0.16085,1.793322,1.672011,0.522151,0.030016,0.036239,-0.01915,0.717364,-0.50592,0.478991,0.127094,0.771009,0.624012,-0.685007,-0.386767,0.617394,-0.030225,0.011728,-0.015316,0.019855,1.886853,1.727592,0.521589,0.10746,0.039503,-0.06875,0.308887,0.630439,-0.712134,0.041363,0.739136,0.672284,0.950198,-0.237116,0.202233,-0.002062,0.031114,-0.064589,-0.399273,-1.193547,-0.689303,-0.095544
436,0.215434,0.002323,0.307634,-0.276385,-0.61515,-0.738409,-0.186333,-0.719468,0.669043,-0.942484,0.323265,0.085151,0.011112,0.047574,-0.126439,-0.608674,-2.014362,-0.733093,0.069765,-0.197606,-0.015793,0.320786,-0.663102,0.59232,0.457651,-0.186554,-0.722763,0.665391,0.725717,0.355097,0.589155,-0.059684,0.031545,-0.022778,-0.687614,1.191186,1.035102,0.511533,0.028844,0.036745,-0.019678,0.641159,-0.597014,0.48217,0.192061,0.73315,0.652382,-0.742985,-0.325674,0.58473,-0.029811,0.016077,-0.011058,-0.631265,1.167189,1.023307,0.513098,0.107506,0.04059,-0.071232,0.239638,0.662881,-0.709339,0.044689,0.722322,0.690111,0.969833,-0.197077,0.143473,-0.00186,0.02864,-0.067394,-0.275082,-2.002338,-0.871523,-0.115629
437,0.215437,0.00329,0.305031,-0.231783,-0.638061,-0.734302,-0.17901,-0.714001,0.676853,-0.955883,0.289121,0.052193,-0.003904,0.057272,-0.135332,-0.190127,-1.926877,-0.798901,0.069867,-0.198743,-0.015287,0.320552,-0.623468,0.632492,0.459601,-0.211286,-0.702149,0.679912,0.753516,0.325997,0.570791,-0.058567,0.026406,-0.008626,-0.696655,1.061823,1.182374,0.507864,0.028313,0.036978,-0.019797,0.602301,-0.634415,0.484509,0.215123,0.713492,0.666821,-0.768735,-0.297398,0.566215,-0.029167,0.013271,-0.004137,1.70945,4.457815,3.834438,0.507383,0.107515,0.041049,-0.072486,0.193084,0.679474,-0.707836,0.039051,0.715518,0.697501,0.980404,-0.162318,0.111621,-0.001564,0.022362,-0.064631,3.396336,-5.376893,-1.130723,-0.125426
438,0.215192,0.004975,0.300143,-0.166789,-0.676946,-0.716918,-0.181491,-0.693613,0.69709,-0.968953,0.247219,-0.006275,-0.016687,0.03611,-0.118125,-0.517014,-1.526784,-0.611912,0.039719,-0.200316,-0.014457,0.320787,-0.535464,0.704863,0.465228,-0.258608,-0.661121,0.704255,0.804633,0.255903,0.535671,-0.02733,0.016444,0.018173,0.054124,2.177759,1.047811,0.501593,0.027499,0.037396,-0.019696,0.511505,-0.706244,0.48947,0.261236,0.670477,0.694417,-0.818607,-0.227331,0.527449,-0.013423,0.008807,0.009493,1.943081,6.190537,1.697374,0.499708,0.107397,0.041907,-0.074994,0.120111,0.70996,-0.693923,0.041669,0.694762,0.718031,0.991885,-0.115159,0.053865,-0.008253,0.018135,-0.058937,-0.664827,-1.644805,-0.9295,-0.142408
439,0.214502,0.006378,0.295843,-0.117397,-0.701259,-0.703207,-0.19759,-0.677465,0.708499,-0.973099,0.222991,-0.058149,-0.016489,0.032274,-0.103307,-0.454074,-1.398085,-0.534464,-0.002972,-0.200542,-0.013598,0.322137,-0.391463,0.786849,0.477092,-0.343893,-0.605888,0.717337,0.853974,0.115753,0.507142,0.018926,0.014029,0.051322,2.117818,5.901867,1.398521,0.500845,0.027369,0.037816,-0.019044,0.368965,-0.784183,0.498919,0.343811,0.613871,0.710602,-0.863514,-0.090653,0.496108,0.002025,0.013219,0.022688,-0.336357,0.698027,1.010431,0.492523,0.107053,0.042602,-0.077158,0.067127,0.727009,-0.683337,0.058813,0.680808,0.730096,0.996008,-0.089198,0.002942,-0.015311,0.015778,-0.051467,-0.252038,-0.928869,-0.493091,-0.212623
440,0.214075,0.007007,0.293938,-0.1056,-0.708058,-0.698246,-0.211577,-0.67011,0.711448,-0.971523,0.223739,-0.078172,-0.030173,0.02248,-0.093209,-0.389752,-1.101941,-0.614284,0.005133,-0.200107,-0.013314,0.323299,-0.34083,0.805189,0.485282,-0.368133,-0.589163,0.719235,0.865441,0.065477,0.496578,0.020021,0.010236,0.066425,-0.515039,0.38311,0.369607,0.504263,0.027586,0.037963,-0.018466,0.312252,-0.802234,0.508839,0.370717,0.596053,0.712242,-0.87468,-0.033764,0.483521,0.017166,0.005267,0.032974,-0.429034,0.832953,-0.104405,0.494156,0.106844,0.042919,-0.078116,0.053844,0.732115,-0.679048,0.073486,0.675286,0.733885,0.995841,-0.089416,-0.01744,-0.008269,0.017315,-0.05053,-0.088575,-0.821994,-0.143218,-0.221768
735,0.159433,0.010627,0.352704,-0.442637,-0.323098,-0.836496,-0.265155,-0.843974,0.466231,-0.856074,0.42857,0.288949,0.013583,0.002434,0.001506,0.001944,-0.012148,0.030298,-1.567748,-0.133623,0.010833,0.363952,0.171482,-0.915861,0.363021,0.914043,0.285266,0.288241,-0.367768,0.283534,0.885561,-0.004226,0.031878,-0.042502,0.278935,0.949974,1.815387,-1.124063,0.060838,0.050051,0.001928,-0.158447,0.926908,0.340198,-0.925097,-0.259788,0.276957,0.345093,-0.270833,0.898642,-0.002033,0.016007,-0.021223,1.672707,2.08655,5.28898,-0.880751,0.079503,0.044744,-0.048759,0.447294,0.39949,-0.800209,0.118834,0.860224,0.495875,0.886456,-0.316894,0.3373,0.00677,0.000997,0.000584,-0.008805,-0.026911,0.02525,-1.066796
736,0.159895,0.010722,0.352813,-0.443734,-0.32388,-0.835612,-0.264664,-0.843477,0.467409,-0.855657,0.42896,0.289605,0.013674,0.003598,0.00236,0.000985,-0.014714,0.029554,-1.574364,-0.133854,0.0119,0.362144,0.097926,-0.922152,0.374214,0.929427,0.219038,0.296853,-0.355841,0.319889,0.878016,-0.004652,0.034486,-0.056832,1.767466,2.137457,5.218805,-1.152738,0.060721,0.050599,0.00104,-0.088636,0.931593,0.352529,-0.938433,-0.196742,0.283962,0.333895,-0.305656,0.891677,-0.001596,0.011699,-0.024205,-0.343409,0.545235,0.42018,-0.885649,0.079739,0.044792,-0.048704,0.448041,0.400425,-0.799323,0.118435,0.85962,0.497017,0.886133,-0.317352,0.33772,0.006871,0.002215,0.001479,0.001847,-0.030141,0.055302,-1.06598
737,0.160557,0.010782,0.353115,-0.450287,-0.325378,-0.831514,-0.262219,-0.842007,0.471419,-0.852976,0.430714,0.294864,0.01407,-0.002491,0.014394,-0.033084,-0.013001,0.03563,-1.589344,-0.134515,0.012811,0.360134,0.031063,-0.919352,0.392198,0.936654,0.163597,0.309596,-0.348835,0.358886,0.865666,-0.030429,0.0285,-0.058622,-0.179133,0.397339,0.188392,-1.155383,0.0604,0.051056,3.4e-05,-0.015492,0.927824,0.372696,-0.94538,-0.13497,0.296711,0.325599,-0.347743,0.879238,-0.00803,0.010119,-0.024705,-0.267391,0.434061,0.262208,-0.882383,0.080059,0.044819,-0.048567,0.454238,0.402677,-0.794681,0.115811,0.857758,0.500837,0.88332,-0.319532,0.342992,0.007042,0.004348,0.003044,-0.008085,-0.033113,0.037237,-1.065164
738,0.161021,0.010749,0.353389,-0.45525,-0.329887,-0.827022,-0.254625,-0.841823,0.47589,-0.852636,0.427637,0.300277,0.027557,-0.01173,0.023798,0.547136,0.253248,0.12905,-1.592936,-0.134895,0.01318,0.359134,0.001071,-0.917959,0.396663,0.938684,0.13754,0.316051,-0.344686,0.373151,0.861286,-0.015663,0.016309,-0.052257,-0.112602,0.39281,0.301451,-1.153347,0.060205,0.051248,-0.000466,0.014317,0.925839,0.377646,-0.946947,-0.10872,0.302439,0.321068,-0.361941,0.875164,-0.008498,0.013594,-0.030367,0.021362,0.461139,0.83648,-0.887119,0.080297,0.044804,-0.048429,0.456352,0.409475,-0.789982,0.108844,0.855464,0.506293,0.883116,-0.317033,0.345824,0.013715,-0.000911,0.007262,1.350756,-0.70032,-0.652301,-1.06647
739,0.162306,0.010454,0.354207,-0.463571,-0.334156,-0.820663,-0.241902,-0.843274,0.479942,-0.851847,0.421419,0.311111,0.041004,-0.010138,0.024614,1.442433,-0.490583,-0.218437,-1.612731,-0.135833,0.013891,0.356787,-0.083054,-0.903228,0.421037,0.94531,0.06216,0.320093,-0.31519,0.425725,0.848102,-0.029546,0.020334,-0.064531,-0.093005,0.71303,0.701108,-1.143059,0.059741,0.051601,-0.001636,0.096627,0.909876,0.40347,-0.952125,-0.033624,0.303851,0.290033,-0.413514,0.863067,-0.014013,0.004376,-0.028262,0.208311,1.228263,1.918641,-0.892344,0.080934,0.044658,-0.048019,0.465331,0.412986,-0.782884,0.096422,0.855564,0.508638,0.879869,-0.312172,0.358299,0.020325,-0.005465,0.011865,4.710032,-2.094071,-1.531587,-1.077574
740,0.163924,0.009995,0.355413,-0.484174,-0.330835,-0.810043,-0.22684,-0.846671,0.481314,-0.844478,0.417197,0.335903,0.054777,-0.015246,0.036971,0.217166,0.92829,0.189404,-1.662228,-0.137409,0.014677,0.354404,-0.183164,-0.868138,0.46128,0.943784,-0.024136,0.32958,-0.274763,0.4968,0.823139,-0.041646,0.010854,-0.053907,-0.557553,0.58842,0.735119,-1.135778,0.058958,0.05199,-0.002837,0.195218,0.87329,0.446378,-0.948825,0.052971,0.311326,0.248233,-0.484312,0.83894,-0.028003,0.010067,-0.031096,-0.55364,0.648387,0.818715,-0.892507,0.081722,0.044427,-0.047434,0.483451,0.413869,-0.771353,0.079382,0.856814,0.509476,0.871763,-0.307539,0.381375,0.020762,-0.006968,0.019108,0.047078,0.495002,0.07161,-1.086555
741,0.164814,0.00983,0.35611,-0.494526,-0.329432,-0.80434,-0.219318,-0.848171,0.482159,-0.840447,0.415252,0.348199,0.041683,0.000345,0.032128,0.164412,0.605384,0.232466,-1.673289,-0.138203,0.014903,0.353239,-0.200962,-0.860225,0.468635,0.940169,-0.035206,0.338787,-0.274688,0.509753,0.815207,-0.042561,0.017215,-0.065726,-0.310508,0.26687,0.783259,-1.138796,0.058561,0.052107,-0.00341,0.213295,0.864748,0.454659,-0.944864,0.06423,0.321102,0.248469,-0.49808,0.830769,-0.02051,0.002522,-0.029066,-0.502802,0.502664,0.641881,-0.903121,0.082188,0.044335,-0.047075,0.494947,0.41259,-0.76472,0.071527,0.857745,0.509075,0.865974,-0.306663,0.395026,0.027565,-0.004693,0.020561,0.232996,0.862167,0.200742,-1.089984
742,0.16668,0.00968,0.357775,-0.516816,-0.329783,-0.790057,-0.197666,-0.851949,0.484854,-0.832346,0.407154,0.376102,0.041985,-0.005105,0.044425,0.416431,0.921887,-1.037977,-1.701257,-0.139637,0.014829,0.350962,-0.272158,-0.836267,0.476004,0.933999,-0.110827,0.339554,-0.230868,0.538043,0.8106,-0.039533,-0.009887,-0.053063,0.418106,0.274485,0.511226,-1.134016,0.057857,0.052088,-0.004536,0.283454,0.839636,0.463319,-0.93671,0.138886,0.321378,0.205492,-0.525091,0.825863,-0.013143,-0.004483,-0.026976,3.82229,3.829875,3.291844,-0.913572,0.083106,0.044269,-0.04626,0.514862,0.41267,-0.751411,0.052406,0.859723,0.508062,0.855669,-0.300961,0.421012,0.027436,0.002875,0.017589,4.689197,-1.763402,-1.837508,-1.096515
743,0.168429,0.009728,0.359282,-0.531064,-0.340251,-0.776044,-0.170716,-0.854116,0.491238,-0.82932,0.393781,0.396475,0.055175,-0.003724,0.04485,4.253103,-2.322846,-2.460331,-1.705331,-0.141065,0.013987,0.349335,-0.33697,-0.794,0.505971,0.926698,-0.185065,0.32698,-0.16557,0.580055,0.797487,-0.037398,-0.02952,-0.034994,0.994139,1.34623,0.989849,-1.121353,0.057115,0.051647,-0.005393,0.347302,0.796075,0.495626,-0.927527,0.213777,0.306582,0.138109,-0.566183,0.812626,-0.018677,-0.014735,-0.017454,1.038794,1.385371,0.961613,-0.913082,0.084012,0.044292,-0.045471,0.529796,0.42552,-0.733654,0.0239,0.857196,0.514434,0.847787,-0.29008,0.44397,0.027432,-0.001827,0.022316,4.190832,-2.399574,-2.486166,-1.085738
744,0.170057,0.009916,0.360848,-0.550219,-0.346415,-0.759803,-0.152583,-0.852884,0.499278,-0.820302,0.391072,0.417366,0.028585,-0.002247,0.046417,-0.014263,0.357569,-0.163659,-1.76847,-0.142206,0.012468,0.348148,-0.358507,-0.77244,0.524215,0.922555,-0.207705,0.325092,-0.14179,0.601127,0.786388,-0.009665,-0.040625,-0.029644,0.059139,0.1303,-0.005457,-1.122777,0.056556,0.050924,-0.00596,0.368172,0.774288,0.51471,-0.922723,0.236317,0.304526,0.114156,-0.587053,0.801458,-0.011383,-0.021519,-0.015075,0.900166,0.615175,1.121266,-0.913898,0.0848,0.044387,-0.044717,0.545618,0.434715,-0.716465,0.004189,0.85351,0.521058,0.838022,-0.2873,0.46387,0.020915,-0.000762,0.023255,0.03704,0.377855,-0.11028,-1.090473
745,0.170679,0.009979,0.361629,-0.561526,-0.347723,-0.750882,-0.143233,-0.852903,0.502009,-0.814295,0.38987,0.430061,0.02836,0.008453,0.037588,0.123405,0.580233,-0.045392,-1.779695,-0.142566,0.01168,0.347562,-0.374313,-0.763421,0.526373,0.918416,-0.227248,0.323733,-0.127066,0.605559,0.785503,-0.022978,-0.042577,-0.030082,-0.017742,0.191993,-0.319038,-1.120831,0.056373,0.050513,-0.006265,0.384044,0.765012,0.516977,-0.918006,0.256419,0.302511,0.098862,-0.590766,0.800762,-0.01143,-0.021696,-0.015319,0.016898,0.093012,-0.130019,-0.920593,0.085137,0.044422,-0.044295,0.555936,0.437869,-0.706545,-0.005388,0.851884,0.523701,0.831207,-0.287337,0.475952,0.014163,0.004274,0.018807,0.13887,0.593767,-0.029638,-1.092106
746,0.171845,0.009917,0.363155,-0.579385,-0.35742,-0.732536,-0.114547,-0.854123,0.507271,-0.806268,0.378255,0.454842,0.028123,-0.008151,0.042061,1.346461,-0.127529,-0.814804,-1.792418,-0.14331,0.010552,0.346282,-0.416175,-0.730065,0.542029,0.906288,-0.285428,0.311623,-0.072282,0.621834,0.77972,-0.013349,-0.008295,-0.038856,0.339377,0.203551,0.322309,-1.055258,0.056003,0.049925,-0.006904,0.423201,0.731774,0.534234,-0.904923,0.312182,0.289231,0.044874,-0.605844,0.794316,-0.006041,-0.009368,-0.015083,3.066356,1.828418,4.223319,-0.914878,0.0857,0.0444,-0.043555,0.57238,0.446773,-0.687585,-0.028815,0.848973,0.52765,0.819481,-0.282203,0.498809,0.014034,-0.004301,0.020856,0.030338,1.286738,-0.681166,-1.083615
747,0.172645,0.009719,0.364581,-0.612724,-0.365937,-0.700503,-0.088725,-0.848918,0.520998,-0.784563,0.38183,0.488562,0.014695,-0.012188,0.039585,-0.255526,2.36686,-2.241185,-1.838648,-0.143799,0.010206,0.345225,-0.456673,-0.679053,0.574741,0.889551,-0.349489,0.294092,0.001724,0.646412,0.762897,-0.013011,-0.009161,-0.022784,1.060175,1.458274,0.720429,-1.013809,0.055754,0.049744,-0.007451,0.462158,0.681063,0.567945,-0.886329,0.37555,0.27089,-0.028799,-0.628581,0.77721,-0.007238,0.001507,-0.015215,3.916957,4.20125,2.520624,-0.891854,0.086115,0.044306,-0.042827,0.598685,0.460796,-0.655166,-0.058883,0.841057,0.537731,0.798817,-0.283353,0.530661,0.007224,-0.000905,0.015286,0.303195,0.96586,0.133194,-1.089984
748,0.172915,0.009483,0.365209,-0.623016,-0.364343,-0.692207,-0.079841,-0.850689,0.519544,-0.777373,0.3794,0.50177,0.014465,-0.01697,0.03629,0.257722,0.894733,0.042035,-1.841661,-0.14408,0.010101,0.344777,-0.477369,-0.650359,0.590883,0.877995,-0.378453,0.292972,0.033672,0.659458,0.750896,-0.013272,-0.006336,-0.020612,-0.001719,0.763832,0.016192,-1.011336,0.055609,0.04969,-0.007682,0.482596,0.650744,0.586201,-0.873631,0.405185,0.269429,-0.06219,-0.64215,0.764051,-0.006646,-0.002838,-0.010025,0.014457,0.73112,0.017517,-0.900019,0.08625,0.044193,-0.042509,0.609701,0.461816,-0.644196,-0.068768,0.840487,0.537448,0.789641,-0.283383,0.544204,0.007178,-0.009205,0.017642,0.253329,0.969505,0.064656,-1.088351
749,0.173563,0.008771,0.366321,-0.636929,-0.362538,-0.680392,-0.064325,-0.85449,0.515442,-0.767467,0.372513,0.521781,0.027284,-0.025047,0.030378,0.180348,0.721996,-0.045466,-1.851243,-0.144876,0.010197,0.343872,-0.51734,-0.585108,0.6245,0.850189,-0.434117,0.297752,0.097525,0.685708,0.721218,-0.028407,0.009129,-0.024162,-0.520534,1.145952,-0.170829,-1.001825,0.055221,0.049737,-0.008124,0.520195,0.586913,0.620426,-0.844642,0.461059,0.272035,-0.126392,-0.66555,0.735572,-0.007517,0.005475,-0.011981,0.081198,0.865416,-0.108866,-0.922226,0.086569,0.043841,-0.041951,0.623178,0.461248,-0.631584,-0.084028,0.842384,0.532286,0.777552,-0.278638,0.563712,0.006913,-0.007644,0.010665,0.175121,0.753907,-0.066174,-1.081982
750,0.174291,0.007998,0.367232,-0.648037,-0.361657,-0.670297,-0.050142,-0.857928,0.51129,-0.759175,0.36539,0.538675,0.013783,-0.017475,0.019874,0.055997,0.33734,-0.064606,-1.875322,-0.145727,0.010836,0.342936,-0.545552,-0.530125,0.649101,0.823123,-0.484233,0.296513,0.157798,0.696712,0.699683,-0.015482,0.016182,-0.019882,0.751473,1.302073,0.8024,-0.999777,0.054791,0.050054,-0.008593,0.546238,0.531942,0.647039,-0.816925,0.509003,0.271197,-0.185085,-0.676721,0.712594,-0.008389,0.013594,-0.014103,3.180346,2.617181,3.709327,-0.940678,0.086938,0.043447,-0.041495,0.635036,0.460577,-0.620158,-0.098554,0.844557,0.526316,0.766169,-0.273111,0.581716,0.00688,-0.008651,0.009985,0.02629,0.317111,-0.034348,-1.088024
751,0.174857,0.007202,0.368024,-0.661362,-0.346754,-0.665137,-0.049644,-0.864578,0.500011,-0.747625,0.364135,0.555419,0.013995,-0.028955,0.028176,0.27001,0.77215,0.160593,-1.90143,-0.146311,0.01167,0.342,-0.574643,-0.478331,0.664061,0.792463,-0.527608,0.305885,0.204756,0.702611,0.681378,-0.016647,0.026623,-0.028576,0.681971,1.328537,1.049026,-0.999443,0.054498,0.050476,-0.009051,0.573612,0.48038,0.663477,-0.785629,0.551904,0.279621,-0.231852,-0.681641,0.69398,-0.007774,0.008261,-0.00981,3.134889,2.429647,3.868105,-0.953252,0.087221,0.043048,-0.041106,0.647949,0.449096,-0.615202,-0.098875,0.850446,0.516686,0.755238,-0.273958,0.595449,0.00684,-0.009903,0.009143,0.01684,0.20532,0.092662,-1.089167
752,0.175095,0.006829,0.368403,-0.665215,-0.343578,-0.662939,-0.049681,-0.865536,0.498348,-0.744195,0.364867,0.559529,0.013793,-0.017989,0.019554,0.041533,0.190659,0.115037,-1.91265,-0.14666,0.012054,0.341582,-0.588018,-0.450422,0.671823,0.775328,-0.550257,0.309865,0.230829,0.703647,0.671908,-0.015525,0.017121,-0.019112,-0.100593,0.560662,-0.058047,-0.994267,0.054335,0.050665,-0.009257,0.58725,0.450202,0.672647,-0.767028,0.574908,0.284864,-0.258464,-0.683226,0.682932,-0.007778,0.0089,-0.009278,0.83592,1.146188,1.070702,-0.95717,0.08734,0.042855,-0.040915,0.653923,0.444933,-0.611897,-0.099119,0.852201,0.513739,0.750039,-0.275295,0.601375,0.006857,-0.009607,0.00935,0.026075,0.205761,0.095529,-1.086065
753,0.17576,0.00609,0.369148,-0.67169,-0.337955,-0.65929,-0.045707,-0.86932,0.492104,-0.73861,0.361092,0.569293,0.013801,-0.018347,0.019329,0.161196,0.417321,0.195015,-1.913651,-0.14739,0.012697,0.340958,-0.611063,-0.394997,0.685982,0.740157,-0.592156,0.318519,0.281145,0.702858,0.653308,-0.028913,0.016706,-0.018156,-0.179723,0.596322,0.160679,-0.992876,0.053952,0.051002,-0.009581,0.608274,0.394745,0.688605,-0.731082,0.616452,0.292413,-0.309064,-0.681294,0.663563,-0.014446,0.008424,-0.009011,-0.22432,0.638354,0.184189,-0.956191,0.087672,0.042485,-0.040542,0.659724,0.441098,-0.608436,-0.102959,0.855038,0.50824,0.74442,-0.272654,0.609505,0.013501,-0.009027,0.009548,0.316338,0.567095,0.317751,-1.082146
754,0.176417,0.005339,0.369909,-0.685743,-0.326998,-0.650287,-0.045175,-0.872586,0.486338,-0.725613,0.363282,0.584413,0.013819,-0.018479,0.019258,0.251708,0.579485,0.273715,-1.91344,-0.148118,0.013031,0.340512,-0.630574,-0.344537,0.695458,0.702507,-0.634114,0.322983,0.330495,0.692654,0.640988,-0.014368,0.007306,-0.009907,3.651697,2.34402,3.725435,-0.991725,0.053594,0.051165,-0.0098,0.62441,0.348912,0.698835,-0.696426,0.653818,0.295822,-0.353696,-0.671402,0.651243,-0.013225,-0.002765,-0.000916,0.014777,0.704019,0.367912,-0.966805,0.088001,0.04211,-0.040161,0.67428,0.432253,-0.598751,-0.103784,0.858214,0.50269,0.731146,-0.276813,0.623537,0.013513,-0.009104,0.009502,0.245525,0.585614,0.366295,-1.081656
755,0.177549,0.004774,0.370552,-0.693012,-0.322269,-0.64492,-0.040712,-0.875635,0.481224,-0.71894,0.360146,0.594514,0.040084,-0.00646,0.010464,0.031722,0.067132,0.150695,-1.914187,-0.148865,0.012883,0.340378,-0.644288,-0.29664,0.704904,0.66166,-0.678281,0.31949,0.384141,0.672617,0.632365,-0.013026,-0.005819,-0.003352,3.959199,1.977876,3.386636,-0.980999,0.053215,0.051098,-0.009868,0.638249,0.296613,0.710393,-0.651657,0.699456,0.293432,-0.409853,-0.650215,0.639717,-0.006508,-0.002968,-0.001685,3.987817,1.940007,3.364326,-0.965662,0.088557,0.04182,-0.039838,0.683295,0.42702,-0.59225,-0.108284,0.861439,0.49618,0.722067,-0.274907,0.634857,0.01354,-0.008865,0.00966,-0.049325,0.069755,0.072118,-1.07986
756,0.178312,0.004619,0.370797,-0.697127,-0.319079,-0.642065,-0.040883,-0.87639,0.479835,-0.71494,0.361148,0.598715,0.0401,-0.005979,0.01078,0.06196,0.136254,0.152407,-1.913926,-0.149232,0.012675,0.340326,-0.648314,-0.275085,0.709935,0.641268,-0.699807,0.314609,0.41107,0.659565,0.629173,-0.011656,-0.019638,0.002654,0.06159,0.193096,-0.140169,-0.964905,0.053032,0.050997,-0.009891,0.642139,0.274231,0.715859,-0.629431,0.72165,0.288162,-0.437577,-0.635624,0.636009,-0.005813,-0.009993,0.0012,0.06576,0.179964,-0.146726,-0.961253,0.088953,0.041741,-0.039711,0.687322,0.424518,-0.589382,-0.107982,0.86213,0.495046,0.71828,-0.276614,0.638402,0.020044,-0.002882,0.005441,0.04454,0.114752,0.148563,-1.082472
757,0.180008,0.004546,0.371028,-0.706811,-0.31775,-0.632059,-0.038948,-0.874642,0.483172,-0.705477,0.366519,0.606624,0.052971,0.002814,0.000162,0.071498,0.147438,0.141559,-1.9135,-0.150433,0.012149,0.340191,-0.666038,-0.208375,0.716215,0.569931,-0.761492,0.308614,0.481902,0.614,0.62501,-0.038499,-0.021543,0.003626,4.025364,1.807472,3.443199,-0.930708,0.052461,0.050741,-0.009963,0.657085,0.211533,0.723527,-0.561248,0.778036,0.282239,-0.503228,-0.591533,0.629959,-0.019792,-0.005839,-0.002747,1.205822,0.6943,0.789632,-0.949659,0.089781,0.041707,-0.039593,0.696284,0.424507,-0.578775,-0.10996,0.859925,0.498433,0.709292,-0.283409,0.645431,0.01987,0.001567,0.00038,0.029805,0.283285,0.006632,-1.082962
758,0.181863,0.004584,0.370978,-0.71608,-0.318574,-0.621116,-0.031387,-0.874216,0.484491,-0.696448,0.366821,0.616789,0.052896,0.000176,-0.001667,0.165194,0.262165,0.252301,-1.914038,-0.151832,0.01167,0.340073,-0.665968,-0.16692,0.72706,0.519267,-0.803374,0.291352,0.536286,0.571776,0.620752,-0.039684,-0.011434,-0.005379,0.175318,0.092943,-0.264975,-0.866172,0.051747,0.050495,-0.01002,0.656858,0.166134,0.735483,-0.504472,0.821783,0.264914,-0.560397,-0.545042,0.623605,-0.019845,-0.00567,-0.002631,0.471062,0.055269,0.109308,-0.925166,0.090729,0.041729,-0.039617,0.704211,0.426684,-0.567474,-0.117427,0.858258,0.499603,0.700212,-0.285189,0.654499,0.026444,-2.5e-05,-0.000942,0.228205,0.309514,0.274521,-1.085248
759,0.182914,0.004573,0.370933,-0.717463,-0.322265,-0.617606,-0.025672,-0.873755,0.48566,-0.695258,0.364694,0.619388,0.052888,-0.000412,-0.002088,0.049387,0.025041,0.159141,-1.913901,-0.152665,0.011398,0.339909,-0.666536,-0.14208,0.731802,0.489578,-0.823624,0.286165,0.562888,0.549191,0.617583,-0.052893,-0.016678,-0.008355,0.08615,0.23451,-0.244268,-0.852728,0.05135,0.050372,-0.010093,0.656844,0.14179,0.740574,-0.474486,0.841046,0.259813,-0.586019,-0.522049,0.619714,-0.020317,-0.002162,-0.00836,1.233792,0.646465,0.78711,-0.913735,0.091215,0.041723,-0.039638,0.705463,0.430033,-0.563376,-0.12325,0.857215,0.499991,0.697947,-0.283289,0.657735,0.026439,-0.000463,-0.001249,0.049371,0.030374,0.177016,-1.087534
760,0.184898,0.004542,0.370865,-0.725561,-0.319145,-0.609716,-0.02472,-0.873336,0.486462,-0.686838,0.368422,0.626534,0.052886,-0.001351,-0.002768,0.234176,0.372538,0.327602,-1.914167,-0.15442,0.010776,0.339514,-0.664124,-0.108467,0.739706,0.447594,-0.850097,0.27736,0.599552,0.515426,0.612158,-0.039624,-0.015593,-0.008809,1.208398,0.623862,0.735066,-0.8467,0.050473,0.050055,-0.010295,0.652945,0.111942,0.749086,-0.43644,0.863919,0.251322,-0.619017,-0.491031,0.612948,-0.019813,-0.007691,-0.00429,0.008393,0.172581,-0.257406,-0.925492,0.092207,0.041709,-0.039671,0.711689,0.429392,-0.555986,-0.124065,0.855831,0.502156,0.691452,-0.2884,0.662358,0.019833,-0.000288,-0.000921,-0.01828,-0.040298,0.086723,-1.082472
761,0.186769,0.00452,0.370637,-0.734808,-0.317397,-0.599468,-0.022554,-0.871873,0.489184,-0.677014,0.373367,0.634253,0.052898,-0.003962,-0.004586,-0.207971,0.557369,-0.463915,-1.913947,-0.156314,0.010182,0.339189,-0.665024,-0.065327,0.743954,0.39102,-0.87908,0.272497,0.637008,0.472202,0.609187,-0.054276,-0.005838,-0.016931,0.429839,0.213988,0.207494,-0.837829,0.049532,0.049755,-0.010454,0.653042,0.06632,0.754411,-0.375838,0.893211,0.246815,-0.65748,-0.444718,0.60823,-0.019822,-0.008055,-0.004621,4.472172,1.70672,3.559407,-0.938555,0.093142,0.041697,-0.03978,0.721065,0.425863,-0.546539,-0.125466,0.856022,0.501482,0.681412,-0.293029,0.670679,0.019835,-0.002039,-0.002124,0.110803,0.162149,0.167366,-1.081492
762,0.187758,0.004541,0.370481,-0.736452,-0.318764,-0.596719,-0.021809,-0.870419,0.4918,-0.67525,0.375592,0.634818,0.052513,0.007062,-0.013244,0.03991,-0.053684,0.113356,-1.914265,-0.157349,0.009925,0.338935,-0.665085,-0.04335,0.745503,0.361203,-0.892353,0.270505,0.65434,0.449243,0.60818,-0.053252,-0.017459,-0.009224,1.235986,0.527795,0.874906,-0.839233,0.049014,0.049627,-0.010581,0.652452,0.047083,0.756365,-0.349331,0.90439,0.245041,-0.672512,-0.424099,0.606519,-0.026612,-0.008915,-0.004725,0.098974,0.113334,-0.052828,-0.94525,0.093637,0.041705,-0.03986,0.723379,0.428511,-0.541387,-0.126804,0.853221,0.505899,0.678706,-0.297307,0.671539,0.019643,0.003519,-0.006422,0.02753,-0.076797,0.112829,-1.080513
763,0.189619,0.004643,0.370274,-0.739603,-0.321269,-0.591456,-0.020609,-0.867539,0.496914,-0.671836,0.380103,0.635756,0.039698,0.000506,-0.001122,0.002743,-0.043808,0.088203,-1.914178,-0.159403,0.00964,0.338364,-0.661167,-0.006795,0.750202,0.315941,-0.909406,0.27036,0.681211,0.415785,0.602442,-0.054527,-0.003933,-0.015545,4.117514,1.647212,3.265321,-0.852476,0.047967,0.049472,-0.010875,0.647589,0.010703,0.761914,-0.303922,0.920552,0.245387,-0.698755,-0.390472,0.599392,-0.026732,-0.007701,-0.003798,-0.063998,0.168471,-0.074291,-0.96109,0.094592,0.04175,-0.039974,0.725636,0.43136,-0.536079,-0.127873,0.850063,0.510921,0.676092,-0.302193,0.671995,0.026466,0.000486,-0.00068,0.008157,-0.0656,0.12247,-1.080023
764,0.191372,0.004825,0.370221,-0.744165,-0.321526,-0.585563,-0.019867,-0.865541,0.500416,-0.666802,0.384421,0.638453,0.039207,0.014002,-0.008095,0.038718,-0.05312,0.10838,-1.91396,-0.16131,0.009459,0.337898,-0.655256,0.029301,0.754833,0.269858,-0.924152,0.270284,0.706302,0.38077,0.596669,-0.041251,0.001145,-0.012695,-0.066746,0.404684,0.201839,-0.860238,0.046994,0.049376,-0.011117,0.641232,-0.027837,0.766841,-0.252081,0.936236,0.244776,-0.724759,-0.350264,0.593328,-0.020633,0.000802,-0.006124,-0.167254,0.529958,0.277693,-0.970724,0.095468,0.041836,-0.039998,0.729759,0.432103,-0.529846,-0.128625,0.847894,0.514325,0.671495,-0.307182,0.674338,0.026444,0.002218,0.000483,0.003335,-0.083747,0.148627,-1.079043
765,0.193219,0.005189,0.370202,-0.745803,-0.322067,-0.583179,-0.020288,-0.864021,0.50302,-0.664959,0.387381,0.638587,0.039571,0.006864,0.003143,0.008913,-0.134597,0.265692,-1.914433,-0.163132,0.00934,0.337691,-0.647345,0.069027,0.759059,0.217434,-0.937706,0.270858,0.731263,0.340302,0.591026,-0.040409,-0.005606,-0.001034,-0.252774,0.425638,0.163596,-0.873844,0.046098,0.049318,-0.01122,0.632741,-0.066786,0.771477,-0.19921,0.948703,0.245514,-0.7483,-0.309033,0.586979,-0.020699,0.002717,-0.004594,-0.237753,0.470936,0.188325,-0.978235,0.096406,0.042023,-0.04001,0.731055,0.432796,-0.527489,-0.128142,0.846415,0.516876,0.670177,-0.310271,0.674235,0.019784,0.003645,0.001686,0.01197,-0.139098,0.269215,-1.083125
766,0.194227,0.005372,0.370262,-0.748208,-0.324096,-0.578957,-0.01933,-0.861593,0.507203,-0.66228,0.391083,0.639113,0.052732,0.008176,0.003502,-0.286798,0.384747,-0.483132,-1.913794,-0.16389,0.009255,0.337689,-0.64414,0.077403,0.760976,0.207668,-0.939726,0.27152,0.736913,0.332836,0.588253,-0.040456,-0.004151,0.00013,-0.184603,0.317764,0.09097,-0.903255,0.045719,0.049276,-0.011221,0.628866,-0.075681,0.773821,-0.189521,0.950311,0.246961,-0.754061,-0.301961,0.583275,-0.020232,-0.002096,7.9e-05,-0.30635,0.478971,0.189926,-0.991298,0.096871,0.04211,-0.039982,0.732122,0.433803,-0.525177,-0.128246,0.844983,0.519186,0.668991,-0.312756,0.674265,0.019756,0.004257,0.002092,0.007251,-0.062252,0.118969,-1.083942
767,0.196075,0.005622,0.370357,-0.752642,-0.324175,-0.573137,-0.018855,-0.859476,0.510801,-0.657252,0.395656,0.641485,0.039509,0.005682,0.002288,-0.290412,0.398805,-0.51193,-1.913899,-0.164979,0.009024,0.337882,-0.64005,0.094355,0.762512,0.182035,-0.945477,0.269946,0.747191,0.311471,0.586987,-0.013515,-0.000151,0.001036,0.032051,0.027348,-0.002931,-0.912504,0.045164,0.049161,-0.011123,0.623752,-0.09323,0.776041,-0.163888,0.95519,0.246479,-0.764246,-0.280925,0.580523,-0.013042,-0.005817,0.005055,0.07441,0.076328,0.007562,-0.993748,0.097835,0.042246,-0.039929,0.736857,0.435458,-0.517124,-0.129412,0.841631,0.524318,0.663546,-0.319425,0.676515,0.019759,0.002735,0.001042,-0.324902,0.441652,-0.573901,-1.081656
768,0.197889,0.0059,0.370313,-0.758264,-0.325695,-0.564803,-0.016917,-0.856196,0.516346,-0.650813,0.401483,0.644423,0.038942,0.015535,-0.007158,-0.943836,1.464715,-1.943716,-1.913528,-0.165813,0.008754,0.33802,-0.634101,0.11026,0.765343,0.156409,-0.950958,0.266739,0.757995,0.288714,0.584765,-0.026978,-0.00381,-0.000792,0.052926,0.09094,-0.084183,-0.912279,0.044757,0.04904,-0.01105,0.617554,-0.10893,0.778947,-0.138132,0.959949,0.243754,-0.774302,-0.258129,0.577774,-0.00673,-0.002092,-0.001107,0.658445,0.761487,-0.39859,-0.992278,0.098707,0.042376,-0.039949,0.741095,0.436363,-0.510259,-0.130609,0.839172,0.527949,0.658573,-0.324616,0.678899,0.019752,0.002165,0.00064,-0.006292,-0.050626,0.102522,-1.084432
769,0.198767,0.006015,0.370355,-0.759377,-0.329361,-0.561172,-0.011499,-0.855534,0.517592,-0.649634,0.399906,0.64659,0.039414,0.006736,0.002957,-0.289805,0.409652,-0.504342,-1.913484,-0.166051,0.008609,0.338001,-0.632285,0.117096,0.76583,0.145828,-0.95278,0.26623,0.761616,0.279873,0.58436,-0.012506,-0.015983,0.005366,-0.035426,0.026496,-0.045249,-0.914534,0.044628,0.048968,-0.011058,0.615397,-0.115645,0.779687,-0.127447,0.961563,0.243213,-0.777845,-0.249042,0.577004,-0.00672,-0.002925,-0.001785,0.004156,0.031074,-0.046658,-0.991788,0.099166,0.042435,-0.039934,0.742019,0.440888,-0.505,-0.136559,0.836919,0.530017,0.656322,-0.32432,0.681217,0.026619,-0.001953,0.005618,-1.044735,1.455085,-1.97552,-1.088024
770,0.200688,0.006308,0.370483,-0.764281,-0.326256,-0.556306,-0.01205,-0.855255,0.51804,-0.643849,0.403033,0.650423,0.052538,0.007344,0.002788,0.006741,-0.052234,0.120871,-1.913692,-0.1663,0.008113,0.338008,-0.621593,0.133576,0.771862,0.115467,-0.958895,0.259079,0.775501,0.250007,0.579618,-0.012499,-0.017907,0.003793,4.260372,1.509187,3.111498,-0.915664,0.044498,0.048713,-0.011053,0.604393,-0.130523,0.785921,-0.098618,0.966643,0.236376,-0.790558,-0.22037,0.57136,-0.006189,-0.009115,0.001718,4.255666,1.509612,3.113374,-0.992931,0.100122,0.042585,-0.039867,0.747228,0.438723,-0.499169,-0.136224,0.836287,0.531098,0.650454,-0.328853,0.684662,0.026251,0.004118,0.001664,-0.010491,-0.090092,0.150706,-1.090473
771,0.202748,0.006741,0.37053,-0.769942,-0.334739,-0.543308,-0.003013,-0.849497,0.527558,-0.637178,0.408238,0.653737,0.052386,0.009154,0.003962,-1.01949,1.455662,-1.955476,-1.913666,-0.166298,0.007032,0.338192,-0.599061,0.152262,0.786087,0.066692,-0.968786,0.23862,0.798615,0.195192,0.56919,0.002049,-0.03412,0.006648,4.484315,1.355681,2.85146,-0.914648,0.044498,0.048203,-0.010962,0.581583,-0.146272,0.800227,-0.053576,0.974678,0.217096,-0.81172,-0.169133,0.55902,0.001022,-0.016888,0.003465,1.516884,0.291358,0.518639,-0.993258,0.101132,0.042794,-0.039847,0.750055,0.446428,-0.487973,-0.144026,0.830363,0.538286,0.645501,-0.333464,0.687116,0.025869,0.010323,-0.002204,0.0281,0.009813,-0.020973,-1.087208
772,0.204694,0.0074,0.370684,-0.774649,-0.335533,-0.53608,-0.001242,-0.846879,0.531758,-0.631456,0.413005,0.656291,0.03888,0.013504,0.007396,-1.018509,1.474054,-1.945056,-1.913654,-0.165951,0.005615,0.338605,-0.572777,0.15076,0.805723,0.033046,-0.977834,0.206599,0.819709,0.144783,0.554057,0.016558,-0.042004,0.01633,0.430847,0.222098,-1.086144,-0.957829,0.044661,0.047492,-0.01077,0.554451,-0.150487,0.818496,-0.012612,0.981882,0.18907,-0.83212,-0.115153,0.542508,0.001001,-0.015909,0.004272,0.038606,0.21793,-0.179639,-0.99587,0.10211,0.043118,-0.039775,0.754186,0.44756,-0.480513,-0.145737,0.827586,0.542089,0.640284,-0.338807,0.68938,0.019417,0.007289,0.004028,-0.002973,-0.055167,0.131649,-1.083289
773,0.20556,0.007669,0.37079,-0.773044,-0.340038,-0.535558,0.003327,-0.846407,0.5325,-0.633411,0.410283,0.656114,0.038893,0.012179,0.006482,0.003914,-0.056858,0.114319,-1.913639,-0.165752,0.004833,0.338964,-0.559874,0.143363,0.816076,0.023823,-0.981667,0.188937,0.828883,0.125054,0.545139,0.002932,-0.039915,0.019226,1.534007,0.995139,-0.12673,-0.964874,0.044772,0.04708,-0.010589,0.54255,-0.13844,0.828537,-0.004764,0.985803,0.167837,-0.84001,-0.095007,0.534188,0.008371,-0.020106,0.008685,5.272172,3.083829,0.493778,-1.000279,0.102562,0.043263,-0.039716,0.752594,0.453135,-0.477776,-0.151098,0.825048,0.544486,0.640914,-0.337586,0.689394,0.026014,0.006492,0.003195,0.003174,-0.081916,0.149099,-1.082472
774,0.207419,0.008159,0.371022,-0.771367,-0.350695,-0.531085,0.013465,-0.843319,0.537217,-0.635316,0.407673,0.655898,0.038774,0.012498,0.006648,0.083008,-0.137345,0.016289,-1.913416,-0.165498,0.003409,0.339799,-0.55445,0.128393,0.822248,0.009919,-0.986883,0.160928,0.8328,0.097234,0.544842,0.002864,-0.035069,0.023262,0.134359,0.074556,-0.664748,-0.965925,0.0449,0.04635,-0.010166,0.536552,-0.123505,0.834779,0.011078,0.990177,0.139375,-0.843793,-0.065534,0.53265,0.001409,-0.01733,0.011806,0.125804,0.085286,-0.657429,-1.004198,0.103492,0.043507,-0.0396,0.749227,0.463323,-0.473275,-0.160909,0.820506,0.548523,0.642468,-0.334814,0.689299,0.025941,0.006715,0.003317,0.277489,-0.347784,-0.17823,-1.083615
775,0.208958,0.008657,0.371285,-0.773074,-0.351665,-0.527951,0.013357,-0.841143,0.540621,-0.633241,0.411322,0.655627,0.038748,0.01138,0.005858,0.00383,-0.057282,0.114295,-1.913284,-0.165381,0.002265,0.340654,-0.548809,0.123077,0.826833,-0.02116,-0.990779,0.133575,0.836318,0.055672,0.545286,0.001884,-0.0217,0.01692,0.550252,-0.089734,-0.576397,-1.003389,0.044958,0.045789,-0.009742,0.529927,-0.119038,0.839646,0.042348,0.992578,0.113993,-0.846985,-0.024851,0.531035,-0.005433,-0.016532,0.013057,1.484048,0.0899,0.015859,-1.006321,0.104276,0.043765,-0.039464,0.750478,0.464486,-0.470143,-0.160786,0.818319,0.551815,0.641038,-0.338532,0.688813,0.019377,0.005599,0.002843,0.005564,-0.059801,0.117161,-1.084105
776,0.209529,0.008826,0.371371,-0.773478,-0.351656,-0.527365,0.012929,-0.840605,0.541468,-0.632757,0.412428,0.6554,0.025791,0.007904,0.004107,0.002847,-0.042568,0.084742,-1.9134,-0.165546,0.001792,0.341026,-0.54521,0.123125,0.829203,-0.037592,-0.991701,0.122675,0.83809,0.035573,0.544244,-0.011792,-0.022212,0.017684,4.754133,0.377248,2.267114,-1.014737,0.04488,0.045555,-0.009555,0.526446,-0.116249,0.842223,0.053526,0.993174,0.103627,-0.848521,-0.009473,0.529075,-0.005919,-0.010973,0.008962,-0.09943,0.303369,-0.600387,-1.011057,0.104552,0.043849,-0.039421,0.750845,0.464555,-0.469487,-0.160388,0.817799,0.552701,0.640707,-0.339692,0.68855,0.012922,0.003485,0.001721,0.003055,-0.030964,0.060828,-1.083615
777,0.210271,0.009089,0.371332,-0.775704,-0.353703,-0.522707,0.014388,-0.837934,0.545556,-0.629996,0.416105,0.655735,0.013031,0.001694,0.000546,-0.310615,0.434728,-0.593038,-1.908574,-0.165975,0.001233,0.341639,-0.542854,0.11436,0.831999,-0.045377,-0.993185,0.107046,0.839232,0.020229,0.543271,-0.012797,-0.00767,0.012259,0.005441,0.007568,-0.291431,-1.03453,0.044666,0.045268,-0.009249,0.525238,-0.109116,0.843929,0.067529,0.993961,0.086486,-0.84827,0.011564,0.529435,-0.005953,-0.008816,0.010745,-0.047002,0.107856,-0.454617,-1.012199,0.104927,0.043985,-0.039437,0.752267,0.466366,-0.465398,-0.161417,0.8153,0.556084,0.638778,-0.343201,0.688603,0.006195,0.005928,-0.004338,-0.999234,1.473493,-2.024119,-1.0779
778,0.21042,0.009219,0.37122,-0.775544,-0.353324,-0.523201,0.014212,-0.838323,0.544963,-0.630197,0.415642,0.655836,8e-06,-0.000116,-7.7e-05,-0.0,0.0,-0.0,-1.908222,-0.166162,0.00106,0.34188,-0.543586,0.113309,0.831665,-0.054042,-0.993468,0.100169,0.838246,0.009379,0.545086,-0.012778,-0.009178,0.011018,0.040232,-0.066933,-0.336721,-1.043296,0.044417,0.045083,-0.009018,0.524657,-0.108821,0.844329,0.085018,0.993536,0.075222,-0.847057,0.032318,0.530517,-0.013229,-0.006154,0.004818,0.017059,-0.015319,-0.344154,-1.023956,0.105007,0.044048,-0.039495,0.752384,0.466343,-0.465232,-0.161528,0.815313,0.556033,0.638612,-0.343202,0.688756,-0.000342,0.005021,-0.004643,0.036472,-0.009451,0.022036,-1.077083
779,0.210173,0.009522,0.370905,-0.776045,-0.353438,-0.52238,0.01469,-0.838175,0.545178,-0.629569,0.415844,0.656311,-0.000709,0.01046,-0.008984,0.035704,-0.008338,0.020664,-1.910195,-0.167016,0.000653,0.342156,-0.539419,0.116172,0.83398,-0.071636,-0.993132,0.092145,0.839614,-0.010167,0.542962,-0.027335,-0.004186,-0.001125,-0.015802,0.127872,-0.231444,-1.04389,0.043851,0.044964,-0.009009,0.520897,-0.113231,0.846075,0.104337,0.992176,0.068548,-0.847218,0.052571,0.528636,-0.020973,0.002776,-0.004669,0.108248,-0.139039,-0.176419,-1.025099,0.104884,0.044191,-0.039653,0.752808,0.46651,-0.464379,-0.161987,0.815088,0.556229,0.637997,-0.34351,0.689173,6e-06,-5e-05,-3.1e-05,5.7e-05,-4.3e-05,2.2e-05,-1.076267
780,0.210119,0.009605,0.370843,-0.775623,-0.352564,-0.523596,0.013808,-0.838794,0.544248,-0.630108,0.415335,0.656115,-9.6e-05,0.001462,0.000973,0.000882,-0.013196,0.025606,-1.911604,-0.168245,0.000744,0.341969,-0.539754,0.127241,0.832146,-0.099496,-0.99118,0.087161,0.836555,-0.035892,0.546581,-0.028275,0.010466,-0.006504,0.157326,-0.241834,-0.157687,-1.049771,0.043526,0.04502,-0.009079,0.521021,-0.122209,0.844749,0.121682,0.990223,0.068203,-0.844825,0.067255,0.530798,-0.014142,0.00528,-0.003188,0.192459,-0.312385,-0.208659,-1.032284,0.104856,0.044232,-0.03969,0.752587,0.465619,-0.46563,-0.161159,0.815849,0.555352,0.638466,-0.34291,0.689037,2e-06,-1e-06,1e-06,4.8e-05,-1e-06,-2.4e-05,-1.078553
781,0.210062,0.009721,0.37072,-0.77605,-0.352604,-0.522936,0.013726,-0.838406,0.544847,-0.629585,0.416085,0.656143,-0.012988,-0.002203,-0.000886,0.005111,-0.076431,0.14712,-1.909815,-0.169562,0.001221,0.341805,-0.53951,0.139212,0.830386,-0.123364,-0.988618,0.085727,0.833528,-0.056346,0.549473,-0.041916,0.013852,-0.002611,1.412202,0.145914,0.863129,-1.058881,0.042894,0.045246,-0.009161,0.522166,-0.130642,0.842778,0.13968,0.987954,0.066604,-0.841327,0.082941,0.534124,-0.020961,0.007031,-0.001192,-0.004632,-0.011947,0.013175,-1.041265,0.104832,0.044297,-0.039747,0.752977,0.465759,-0.464857,-0.161132,0.815417,0.555995,0.638013,-0.343749,0.689039,6.1e-05,-0.000898,-0.000596,0.00014,-0.000165,0.000194,-1.080676
782,0.210075,0.00967,0.370709,-0.775667,-0.351843,-0.524015,0.012773,-0.838832,0.544215,-0.630076,0.41587,0.655807,3.6e-05,-0.00055,-0.000367,0.0,0.0,0.0,-1.913543,-0.171058,0.001898,0.341883,-0.542106,0.161713,0.824597,-0.134912,-0.98528,0.10467,0.830049,-0.054691,0.554879,-0.041804,0.023002,0.004818,-0.009287,0.141678,-0.145573,-1.064697,0.042135,0.045579,-0.009133,0.522953,-0.156997,0.837777,0.156662,0.98385,0.086579,-0.83784,0.085971,0.539102,-0.020905,0.011549,0.002481,-0.003267,0.014021,0.012077,-1.047797,0.104834,0.044268,-0.039755,0.75275,0.46491,-0.466074,-0.160126,0.816035,0.555378,0.638534,-0.34343,0.688715,2.2e-05,-0.000325,-0.000215,2.6e-05,-1.2e-05,6e-06,-1.080023
783,0.210166,0.009637,0.370719,-0.776405,-0.352557,-0.52244,0.013159,-0.837836,0.545738,-0.629159,0.417273,0.655797,0.013132,5.2e-05,-0.000548,0.000964,-0.014685,0.029512,-1.913203,-0.171787,0.002355,0.342056,-0.544968,0.175389,0.819902,-0.145772,-0.982755,0.113474,0.826331,-0.057882,0.560079,-0.028072,0.027326,0.007178,-0.006094,0.046772,-0.109585,-1.064389,0.041765,0.045806,-0.009047,0.525741,-0.170672,0.833346,0.167318,0.981275,0.09541,-0.834026,0.089273,0.544453,-0.020859,0.013749,0.004245,-0.073217,-0.054957,-0.023782,-1.04943,0.104875,0.044252,-0.039749,0.753301,0.465714,-0.464378,-0.160503,0.814922,0.556902,0.637789,-0.34498,0.68863,3.3e-05,-0.00051,-0.000341,0.002298,-0.003389,0.004269,-1.080513
784,0.210342,0.009657,0.370712,-0.777137,-0.353243,-0.520886,0.013588,-0.836893,0.547171,-0.628246,0.418584,0.655836,0.013114,0.000333,-0.000361,0.00708,-0.105842,0.206236,-1.91313,-0.173074,0.003224,0.342595,-0.553686,0.19267,0.810124,-0.148373,-0.980072,0.131823,0.820056,-0.047437,0.570193,-0.027074,0.018659,0.017286,-0.361683,-0.307429,0.242913,-1.062057,0.041111,0.046259,-0.008768,0.53424,-0.188101,0.824138,0.169452,0.978969,0.113594,-0.828174,0.078966,0.554879,-0.013544,0.009545,0.008845,-0.386375,-0.344502,0.284613,-1.046654,0.104968,0.044262,-0.039752,0.753824,0.46643,-0.462808,-0.160868,0.813917,0.558265,0.637079,-0.346383,0.688584,0.006558,0.000143,-0.000197,0.008517,-0.107934,0.208887,-1.079859
785,0.210455,0.009591,0.370663,-0.776917,-0.352797,-0.521516,0.013048,-0.837156,0.546783,-0.628529,0.418435,0.65566,0.000146,-0.002195,-0.001464,-0.0,0.0,-0.0,-1.913006,-0.174244,0.004546,0.343197,-0.573934,0.234852,0.784497,-0.153245,-0.971814,0.178961,0.805118,-0.017788,0.592732,-0.027612,0.042455,0.019012,-0.305961,-0.681864,0.867638,-1.061893,0.040537,0.046889,-0.008485,0.553617,-0.230784,0.800154,0.173116,0.971736,0.160496,-0.814578,0.049666,0.577922,-0.006682,0.016103,0.013464,-1.158875,-1.950282,2.34483,-1.041592,0.105024,0.044233,-0.039775,0.753698,0.465962,-0.463483,-0.160336,0.814274,0.557897,0.637361,-0.346173,0.688428,0.007004,-0.006384,0.003428,-0.035567,0.006792,-0.01665,-1.081819
786,0.210508,0.009527,0.370642,-0.776768,-0.352502,-0.521937,0.012656,-0.837308,0.546559,-0.628722,0.418378,0.655512,0.000156,-0.002339,-0.00156,0.0,0.0,0.0,-1.913259,-0.174526,0.005463,0.343644,-0.587264,0.26772,0.763832,-0.16188,-0.963432,0.21337,0.793744,0.001333,0.608137,-0.000419,0.049698,0.022457,-1.103136,-2.185662,2.756779,-1.062926,0.040385,0.047364,-0.008255,0.566461,-0.264689,0.780423,0.181044,0.963849,0.195491,-0.803955,0.030553,0.593903,-0.000275,0.025497,0.011765,-1.074186,-2.1929,2.726495,-1.042571,0.105051,0.044199,-0.039786,0.753617,0.465659,-0.463919,-0.159954,0.814483,0.557701,0.637553,-0.346088,0.688293,0.006639,-0.00102,-0.000975,0.00711,-0.105833,0.206244,-1.081329
787,0.210613,0.009433,0.370539,-0.777522,-0.353235,-0.520317,0.013176,-0.836358,0.547999,-0.627779,0.419661,0.655595,0.013328,-0.002717,-0.002401,-0.092919,0.119637,-0.157358,-1.913408,-0.174574,0.007312,0.344648,-0.612612,0.288163,0.735975,-0.140197,-0.955951,0.257752,0.778584,0.054371,0.625071,0.000357,0.03684,0.028899,-1.388067,-0.452335,0.011733,-1.053401,0.040362,0.048295,-0.007747,0.59293,-0.286028,0.752743,0.159625,0.957988,0.238282,-0.789274,-0.021128,0.613677,0.000244,0.018555,0.014454,-4.258731,-1.488155,-2.256886,-1.038326,0.105098,0.044153,-0.039837,0.754122,0.466373,-0.46238,-0.16038,0.813524,0.558977,0.636849,-0.34738,0.688293,0.000148,-0.002152,-0.001442,-0.342929,0.419684,-0.536646,-1.081329
788,0.210627,0.009233,0.370333,-0.777373,-0.35292,-0.520753,0.012896,-0.836608,0.547624,-0.627969,0.419427,0.655563,0.000515,-0.007696,-0.005152,-0.000884,0.013209,-0.025599,-1.911551,-0.17474,0.008194,0.345682,-0.634876,0.291609,0.715463,-0.107815,-0.950339,0.29183,0.765815,0.107782,0.633856,0.001024,0.010713,0.025201,-0.074534,-0.325596,0.755789,-1.040581,0.040279,0.04877,-0.007203,0.61429,-0.2912,0.733382,0.124975,0.953587,0.273955,-0.77912,-0.076633,0.622171,0.000485,0.004777,0.01217,-0.026173,-0.376871,0.723469,-1.028365,0.10511,0.044055,-0.039939,0.754084,0.466125,-0.46269,-0.160165,0.813731,0.558738,0.636948,-0.347229,0.688279,0.00027,-0.00399,-0.002671,-0.000813,0.013121,-0.025459,-1.081982
789,0.210709,0.008898,0.370166,-0.777184,-0.352554,-0.521283,0.012366,-0.836771,0.547388,-0.628214,0.419409,0.65534,0.01353,-0.00539,-0.004208,0.000984,-0.014715,0.029553,-1.912904,-0.174341,0.008276,0.346399,-0.671105,0.297457,0.679065,-0.082984,-0.940278,0.330037,0.737509,0.164772,0.654823,0.026877,0.01089,0.006318,-4.655855,-4.137423,-0.787961,-1.038665,0.040468,0.048807,-0.006847,0.648224,-0.300106,0.699814,0.103988,0.945335,0.309073,-0.754315,-0.127576,0.643996,0.007127,-0.000788,0.007298,0.016688,-0.414139,0.700679,-1.023303,0.105146,0.043883,-0.040025,0.753983,0.465764,-0.463218,-0.159663,0.813959,0.558549,0.637193,-0.347178,0.688077,0.00025,-0.003693,-0.002478,-0.000874,0.013214,-0.025585,-1.081819
790,0.210776,0.008777,0.370094,-0.778686,-0.350355,-0.520524,0.011899,-0.837717,0.545949,-0.626361,0.419361,0.657142,0.000348,-0.005167,-0.003472,0.028,-0.040368,0.202081,-1.913076,-0.17398,0.008353,0.346608,-0.690905,0.2895,0.662444,-0.067207,-0.937987,0.339996,0.720646,0.190028,0.66665,0.01428,-0.001229,0.014839,-0.180848,-0.799235,0.256989,-1.036707,0.040654,0.048842,-0.006752,0.671163,-0.291529,0.681579,0.083685,0.943345,0.321086,-0.73657,-0.158463,0.657535,0.013414,0.004743,0.002604,-0.850123,-1.309495,-0.539927,-1.018405,0.105185,0.043821,-0.040063,0.755781,0.463869,-0.46219,-0.159535,0.814992,0.557079,0.635093,-0.347294,0.689958,0.006758,-0.002517,-0.001989,0.008078,0.045264,0.034547,-1.081656
791,0.210934,0.008634,0.369847,-0.779719,-0.351615,-0.518121,0.013223,-0.836548,0.547709,-0.625048,0.420641,0.657574,0.000506,-0.007468,-0.005031,-0.00088,0.013224,-0.025591,-1.913325,-0.172971,0.008758,0.3467,-0.725404,0.254405,0.639576,-0.016857,-0.935387,0.353131,0.688986,0.245068,0.681984,0.025942,0.017706,-0.005298,-3.530919,-2.470254,-3.090129,-1.033529,0.041163,0.04904,-0.006703,0.70727,-0.258453,0.658004,0.034408,0.942256,0.333118,-0.706105,-0.212964,0.675323,0.013016,0.008555,-0.002925,-3.563607,-2.43592,-3.07115,-1.016445,0.105264,0.043756,-0.040182,0.756438,0.465031,-0.459941,-0.160439,0.813645,0.558784,0.634081,-0.348893,0.690082,0.006442,0.002161,-0.006856,0.035081,-0.011109,0.024547,-1.083125
792,0.211166,0.008425,0.36966,-0.779477,-0.351108,-0.518829,0.012659,-0.836876,0.547219,-0.625361,0.42041,0.657423,0.013491,-0.004387,-0.003559,0.000984,-0.014715,0.029553,-1.913117,-0.171884,0.009167,0.346598,-0.751909,0.225168,0.619616,0.025412,-0.929172,0.368682,0.659676,0.292683,0.692117,0.025885,0.01592,-0.006687,-1.246852,-1.405865,-0.18003,-1.034975,0.041697,0.049235,-0.006755,0.734204,-0.22987,0.638829,-0.008915,0.937593,0.34762,-0.678869,-0.260919,0.686335,0.013488,0.00265,0.000844,-4.34793,-4.104709,-1.565632,-1.011873,0.105375,0.043648,-0.040278,0.756303,0.46454,-0.460659,-0.159916,0.814043,0.558354,0.634374,-0.348618,0.689951,0.006753,-0.002256,-0.001825,0.006375,-0.092892,0.180379,-1.082472
793,0.211339,0.008357,0.369606,-0.779306,-0.350756,-0.519323,0.012232,-0.837082,0.546915,-0.625583,0.420294,0.657287,0.000241,-0.003495,-0.002361,0.0,0.0,0.0,-1.913185,-0.171398,0.009475,0.346491,-0.770849,0.205453,0.602969,0.052876,-0.922557,0.382136,0.635739,0.326197,0.699496,0.025856,0.017181,-0.005722,-1.902661,-2.76427,1.079603,-1.035289,0.04194,0.049384,-0.006811,0.753003,-0.21024,0.623525,-0.037323,0.932411,0.359465,-0.656956,-0.29395,0.694262,0.012947,0.008201,-0.003163,-3.386673,-2.296299,-3.711825,-1.016445,0.105467,0.043607,-0.040309,0.75621,0.464183,-0.461171,-0.159505,0.814312,0.55808,0.634589,-0.348467,0.68983,0.000117,-0.00165,-0.001118,0.000144,-0.000138,-0.000173,-1.082962
794,0.211856,0.008334,0.369434,-0.781532,-0.349184,-0.517034,0.01232,-0.83722,0.5467,-0.6228,0.421324,0.659266,0.013423,-0.003152,-0.002736,0.001058,-0.014543,0.029639,-1.911784,-0.170316,0.010164,0.346161,-0.798051,0.179917,0.575096,0.086877,-0.90995,0.405433,0.597243,0.373296,0.709798,0.038273,0.026028,-0.016788,-0.579706,-0.871711,0.759712,-1.035175,0.042476,0.049729,-0.006969,0.782757,-0.185414,0.594064,-0.072867,0.920713,0.383376,-0.618046,-0.343378,0.707184,0.012916,0.007361,-0.00386,-2.006755,-2.542583,1.18443,-1.015465,0.10572,0.043601,-0.040391,0.758527,0.462848,-0.458701,-0.159608,0.814438,0.557866,0.631791,-0.349945,0.691648,0.006738,-0.001913,-0.001604,-0.002104,-0.00671,0.005885,-1.082962
795,0.212324,0.008302,0.369101,-0.78227,-0.349796,-0.515501,0.013072,-0.836551,0.547707,-0.621858,0.422147,0.659629,0.012963,0.003615,-0.014225,0.035794,-0.009692,0.024694,-1.906797,-0.169123,0.010481,0.345966,-0.802127,0.185016,0.567761,0.086427,-0.904697,0.417118,0.591821,0.383421,0.708943,0.040004,0.002971,-0.00096,-0.066342,-0.038609,0.328365,-1.029111,0.043072,0.049895,-0.007074,0.786956,-0.191425,0.586562,-0.072811,0.915202,0.396362,-0.612696,-0.354628,0.706286,0.013336,0.001265,-0.000129,-0.053313,-0.024657,0.304291,-1.015955,0.105954,0.043587,-0.04055,0.75904,0.463532,-0.457159,-0.160294,0.813638,0.558836,0.631,-0.3509,0.691886,0.006853,-0.003399,-0.002618,0.006574,-0.093426,0.180527,-1.083125
796,0.212764,0.008129,0.368698,-0.782936,-0.350274,-0.514163,0.013627,-0.835937,0.54863,-0.621008,0.422967,0.659905,0.013894,-0.009195,-0.006872,9.4e-05,-0.001461,0.003976,-1.913249,-0.168249,0.010637,0.346114,-0.802329,0.1956,0.563915,0.080823,-0.90036,0.427497,0.59234,0.388327,0.705832,0.013265,0.006714,0.004061,-0.091519,0.021634,0.135324,-1.030539,0.043524,0.049967,-0.007006,0.787028,-0.202438,0.582756,-0.067124,0.910918,0.407088,-0.613254,-0.359507,0.703329,0.006632,0.003579,0.002186,-0.056898,-0.004294,0.124815,-1.016445,0.106173,0.043505,-0.040755,0.759551,0.464079,-0.455753,-0.160848,0.812928,0.55971,0.630245,-0.351822,0.692106,0.006589,0.00051,-0.008012,0.037848,-0.012617,0.027999,-1.083452
797,0.213122,0.007985,0.368486,-0.782703,-0.349757,-0.514869,0.013136,-0.836323,0.548054,-0.621311,0.422632,0.659835,0.027239,-0.010472,-0.008377,0.001078,-0.016171,0.033533,-1.913209,-0.168016,0.010886,0.34621,-0.806743,0.199206,0.556304,0.07681,-0.898002,0.433158,0.586851,0.391928,0.708421,0.013197,0.011469,0.007691,-0.087917,-0.097148,0.048536,-1.031925,0.043636,0.050081,-0.006965,0.791531,-0.206305,0.575253,-0.063025,0.908721,0.412618,-0.607869,-0.362856,0.706279,0.006592,0.006126,0.004132,-0.264197,-0.672666,0.675017,-1.018731,0.106357,0.043431,-0.040862,0.759423,0.46354,-0.456515,-0.160369,0.813408,0.559149,0.630521,-0.35142,0.692058,0.01364,-0.005438,-0.004337,0.001444,-0.016671,0.0338,-1.083289
798,0.214008,0.007573,0.36797,-0.782162,-0.348561,-0.516501,0.011959,-0.837185,0.546762,-0.622016,0.421909,0.659633,0.027693,-0.015403,-0.011822,0.000185,-0.002891,0.007972,-1.912808,-0.16773,0.011845,0.346438,-0.821429,0.182492,0.540318,0.094092,-0.890949,0.444174,0.563474,0.415469,0.713965,-0.001155,0.029971,0.006113,-0.040593,-0.105715,-0.038427,-1.035352,0.043784,0.050539,-0.006855,0.806896,-0.190558,0.559111,-0.080288,0.902369,0.423418,-0.58521,-0.386545,0.712819,0.006517,0.010277,0.007279,-0.892908,-0.783739,-1.125019,-1.023466,0.10679,0.043234,-0.041114,0.759147,0.46233,-0.458197,-0.15925,0.81445,0.55795,0.631136,-0.350599,0.691914,0.007266,-0.008229,-0.005971,-0.000672,0.01174,-0.021696,-1.083125
799,0.214732,0.006982,0.367494,-0.784983,-0.34376,-0.515438,0.010599,-0.839314,0.543518,-0.618479,0.421612,0.663139,0.02758,-0.012849,-0.010143,0.019339,0.027248,0.055411,-1.913405,-0.168116,0.013,0.346642,-0.831266,0.186815,0.523533,0.089306,-0.884587,0.457672,0.549644,0.426968,0.71795,-0.015266,0.037831,-0.00359,-0.18809,-0.596612,0.610185,-1.043389,0.043607,0.05113,-0.006738,0.815683,-0.194293,0.544894,-0.07742,0.896776,0.435658,-0.573294,-0.397545,0.716443,-0.01426,0.018158,-0.001826,0.085211,-0.015624,0.004121,-1.023303,0.107147,0.042933,-0.041355,0.762601,0.457914,-0.456895,-0.15819,0.816889,0.554677,0.627227,-0.350721,0.695398,0.007596,-0.012381,-0.000783,-0.03177,0.050065,0.013845,-1.083615
800,0.215042,0.006713,0.367342,-0.788941,-0.340572,-0.511496,0.010653,-0.83986,0.542673,-0.613425,0.423108,0.666871,0.015033,-0.022578,-6e-05,0.026344,0.154034,0.057391,-1.913507,-0.168715,0.013604,0.346597,-0.839933,0.181265,0.511515,0.093278,-0.880187,0.465302,0.535617,0.438308,0.72171,-0.041659,0.034759,-0.0038,-3.618036,-4.468903,-2.159735,-1.05147,0.043291,0.051458,-0.006759,0.825356,-0.191324,0.531207,-0.079153,0.892337,0.444375,-0.559035,-0.408815,0.721352,-0.020767,0.017195,-0.00203,-3.616564,-4.449521,-2.166454,-1.02412,0.107312,0.042794,-0.041441,0.766566,0.455399,-0.452755,-0.158445,0.817377,0.553885,0.62231,-0.352852,0.69873,0.013751,-0.00564,-0.004555,0.06567,0.162764,0.102308,-1.083452
801,0.21578,0.006354,0.367094,-0.795022,-0.332116,-0.507626,0.009117,-0.843295,0.537347,-0.605553,0.422983,0.674104,0.013969,-0.008003,-0.006208,0.114297,0.270353,0.140874,-1.914389,-0.170011,0.01496,0.346361,-0.8518,0.178274,0.492592,0.091937,-0.874709,0.475779,0.516754,0.450332,0.728031,-0.027369,0.022779,0.002644,-0.897111,-1.961946,1.694615,-1.059694,0.042643,0.052135,-0.006878,0.837961,-0.187527,0.512497,-0.079714,0.886973,0.454888,-0.539875,-0.422032,0.728301,-0.013686,0.011357,0.001307,-0.892792,-1.953063,1.688046,-1.02412,0.107682,0.042608,-0.041563,0.773073,0.448107,-0.44895,-0.15696,0.820899,0.549079,0.614588,-0.354011,0.70495,0.013583,-0.003245,-0.002914,0.188302,0.353783,0.200097,-1.082962
802,0.216324,0.006053,0.36692,-0.798829,-0.328735,-0.503835,0.008896,-0.843898,0.536404,-0.600528,0.424418,0.677689,0.013816,-0.005847,-0.004727,0.079763,0.173122,0.124128,-1.913409,-0.171433,0.015942,0.346339,-0.86276,0.171457,0.475647,0.093063,-0.870678,0.4829,0.498007,0.460676,0.734596,-0.040402,0.019113,0.000888,-0.851919,-1.905464,1.73129,-1.058219,0.041967,0.052612,-0.006884,0.848548,-0.180763,0.497282,-0.081866,0.883664,0.460906,-0.522745,-0.431812,0.735033,-0.020203,0.00942,0.000362,-0.213727,-0.209803,-0.41687,-1.016118,0.107949,0.04246,-0.041648,0.777151,0.445136,-0.444847,-0.15671,0.821496,0.548256,0.609489,-0.356366,0.708184,0.000721,-0.009113,0.001769,0.125997,0.32971,0.088209,-1.085901
803,0.216783,0.005704,0.366813,-0.800121,-0.326221,-0.503419,0.0078,-0.844828,0.534955,-0.598823,0.424504,0.679143,0.014709,-0.017217,0.003591,-0.027537,-0.080539,0.161858,-1.913368,-0.173206,0.016841,0.346058,-0.869773,0.175457,0.461195,0.085017,-0.867237,0.490515,0.487115,0.465625,0.738766,-0.054255,0.025166,-0.010098,-0.799341,-1.867371,1.723961,-1.05955,0.041045,0.053081,-0.007026,0.856577,-0.185784,0.481414,-0.073304,0.879668,0.469905,-0.510785,-0.437799,0.739884,-0.027129,0.012415,-0.005155,-0.795179,-1.859423,1.720071,-1.011546,0.108188,0.042285,-0.041702,0.779307,0.441978,-0.444224,-0.155254,0.822974,0.54645,0.607104,-0.356885,0.709968,0.007355,-0.008587,0.001801,-0.042343,-0.095902,0.159599,-1.085575
804,0.217044,0.005439,0.366799,-0.801404,-0.323719,-0.502993,0.006679,-0.845726,0.53355,-0.59712,0.424628,0.680563,0.001565,-0.019442,0.002684,-0.028523,0.040391,-0.036788,-1.913245,-0.174024,0.017354,0.34591,-0.870133,0.17825,0.459441,0.082779,-0.866032,0.493022,0.486856,0.466802,0.738194,-0.041016,0.028612,-0.008575,-0.080327,0.189458,0.092886,-1.059521,0.040651,0.053319,-0.007102,0.857539,-0.188179,0.478763,-0.071028,0.878461,0.472504,-0.50949,-0.439196,0.739949,-0.020097,0.008573,-0.000293,-0.207804,0.193412,0.283583,-1.009423,0.108319,0.042155,-0.041708,0.780904,0.439671,-0.443709,-0.154258,0.824068,0.545082,0.605303,-0.357211,0.711341,0.000788,-0.009773,0.001295,-0.050846,0.019247,-0.038601,-1.084758
805,0.217396,0.004694,0.366739,-0.804012,-0.318876,-0.501924,0.004477,-0.847322,0.531033,-0.593628,0.425102,0.683316,0.001115,-0.012912,-0.009079,0.055428,0.148732,0.042361,-1.912893,-0.175492,0.018175,0.345954,-0.876103,0.180948,0.446869,0.079712,-0.859618,0.504615,0.476539,0.477487,0.738092,-0.02611,0.011703,0.010675,-0.231578,0.029207,0.25276,-1.059011,0.039902,0.053734,-0.007088,0.863519,-0.191605,0.466499,-0.068289,0.87207,0.484592,-0.49967,-0.450312,0.739964,-0.013054,0.006082,0.005535,-0.269402,0.050459,0.269266,-1.00828,0.108494,0.041786,-0.041736,0.783814,0.43553,-0.44266,-0.152314,0.825883,0.542878,0.602026,-0.358092,0.713676,0.000575,-0.00665,-0.004683,0.059026,0.152902,0.04328,-1.086718
806,0.217506,0.003857,0.366538,-0.80741,-0.311349,-0.501195,0.001709,-0.850707,0.52561,-0.589016,0.423909,0.688032,0.002148,-0.026025,-0.002025,0.190417,0.582978,0.20251,-1.912775,-0.176515,0.018733,0.346495,-0.885074,0.165522,0.435014,0.093136,-0.852582,0.514163,0.457095,0.495378,0.738599,-0.012107,0.004855,0.020929,-0.023358,-0.105504,0.1724,-1.053945,0.0394,0.054006,-0.006829,0.872826,-0.177126,0.454753,-0.081869,0.865465,0.494232,-0.481115,-0.46861,0.740899,-0.006064,0.002121,0.010259,-0.020735,0.010748,-0.031702,-1.010567,0.10855,0.041366,-0.041837,0.786962,0.429829,-0.442646,-0.149923,0.829128,0.538579,0.598508,-0.357479,0.716934,0.001084,-0.013095,-0.001075,0.159458,0.560185,0.197935,-1.092433
807,0.217512,0.003436,0.366414,-0.807929,-0.308139,-0.50234,0.000155,-0.852556,0.522609,-0.588306,0.422533,0.689484,-0.011143,-0.027529,-0.002446,0.033857,0.21242,-0.013273,-1.912426,-0.176578,0.018868,0.346858,-0.887476,0.161388,0.431662,0.096318,-0.850869,0.51641,0.451738,0.499673,0.739002,0.000978,0.004894,0.019929,-0.03289,-0.018729,0.031291,-1.052304,0.039359,0.054083,-0.00664,0.875451,-0.173113,0.451238,-0.085022,0.863927,0.496388,-0.475768,-0.472929,0.741608,0.000479,0.002307,0.009872,-0.031268,-0.001283,0.002448,-1.013342,0.108552,0.041154,-0.0419,0.789187,0.425386,-0.442976,-0.14828,0.83192,0.534716,0.595982,-0.356306,0.719617,-0.005564,-0.013818,-0.001264,0.024367,0.213001,-0.017199,-1.092923
808,0.217536,0.002681,0.366002,-0.808935,-0.305946,-0.502062,-7e-05,-0.853924,0.52037,-0.586924,0.421357,0.691379,0.00152,-0.017608,-0.012564,-0.001497,0.02703,-0.050893,-1.911741,-0.176093,0.018732,0.347914,-0.887339,0.155652,0.434044,0.103643,-0.849729,0.516868,0.450378,0.503425,0.737283,0.015607,-0.01673,0.035719,-0.103716,-0.012018,0.024581,-1.04575,0.039596,0.054026,-0.006116,0.875399,-0.167285,0.453531,-0.092391,0.863016,0.496654,-0.474488,-0.476673,0.740029,0.007394,-0.003031,0.013595,-0.069586,-0.008771,0.018546,-1.01122,0.108564,0.040783,-0.042101,0.790624,0.423002,-0.442698,-0.147684,0.833401,0.532571,0.594223,-0.355684,0.721378,0.000758,-0.008723,-0.006224,-0.010245,0.018946,-0.055236,-1.095536
809,0.217468,0.002077,0.36549,-0.808996,-0.306056,-0.501896,0.00018,-0.853944,0.520338,-0.58684,0.421238,0.691523,0.001309,-0.015231,-0.010934,0.004354,-0.064624,0.125528,-1.912272,-0.175234,0.018404,0.348884,-0.890777,0.134759,0.43399,0.124783,-0.845606,0.518955,0.43803,0.516256,0.735848,0.027827,-0.009044,0.024001,-0.067015,-0.023514,0.047073,-1.038779,0.040021,0.053863,-0.005622,0.879351,-0.146435,0.453097,-0.113728,0.859415,0.498469,-0.462392,-0.489859,0.739074,0.013903,-0.004351,0.012114,-0.067038,-0.022792,0.047249,-1.011383,0.108531,0.040475,-0.042362,0.790595,0.423327,-0.442439,-0.148087,0.833272,0.53266,0.594162,-0.355599,0.72147,0.000628,-0.007208,-0.005172,4.6e-05,0.011758,-0.027431,-1.095536
810,0.217376,0.001616,0.365202,-0.808797,-0.305657,-0.502459,-0.000365,-0.854113,0.520059,-0.587113,0.421182,0.691325,-0.01258,-0.010623,-0.006967,-0.001872,0.027898,-0.055165,-1.912273,-0.174014,0.018524,0.349524,-0.895251,0.112795,0.431039,0.143641,-0.842532,0.519078,0.422831,0.526474,0.737497,0.0392,0.014211,0.00726,0.009955,-0.063164,0.110444,-1.037839,0.040641,0.053917,-0.005295,0.884467,-0.124541,0.449674,-0.13267,0.856821,0.498252,-0.447343,-0.500346,0.741307,0.019594,0.007093,0.003598,-0.005259,-0.052084,0.113923,-1.009587,0.10849,0.040238,-0.042511,0.790432,0.422895,-0.443143,-0.147514,0.833566,0.532358,0.594521,-0.355423,0.721261,0.000393,-0.004553,-0.00328,-0.00014,0.01229,-0.026828,-1.093739
811,0.217308,0.001475,0.36508,-0.808643,-0.305331,-0.502905,-0.000737,-0.854299,0.519753,-0.587325,0.421042,0.691231,-0.012746,-0.008776,-0.005644,-0.001872,0.027899,-0.055165,-1.912047,-0.173397,0.018779,0.349673,-0.896229,0.104955,0.430986,0.152223,-0.839656,0.521287,0.417711,0.532663,0.735969,0.025274,0.023578,-0.001242,0.02373,-0.034637,0.11476,-1.033406,0.04095,0.054047,-0.005219,0.885539,-0.116895,0.449616,-0.141486,0.853986,0.500688,-0.442495,-0.506993,0.739699,0.012631,0.011705,-0.000708,0.048455,-0.048442,0.111249,-1.006647,0.108456,0.040168,-0.042572,0.790339,0.422585,-0.443604,-0.147177,0.833803,0.532081,0.594728,-0.355236,0.721183,-0.000104,0.001821,-0.006949,0.035413,0.004619,-0.005674,-1.093413
812,0.217214,0.001151,0.364876,-0.808248,-0.304517,-0.504033,-0.001778,-0.854687,0.519113,-0.587866,0.420843,0.690892,0.000649,-0.007639,-0.005529,0.005239,-0.077797,0.151145,-1.911799,-0.172403,0.01962,0.349565,-0.905878,0.070759,0.417577,0.180642,-0.827023,0.532293,0.384142,0.557531,0.735837,0.024334,0.031116,-0.01205,-0.001757,-0.147404,0.033613,-1.02265,0.041438,0.054458,-0.005267,0.896238,-0.08343,0.435656,-0.170287,0.842182,0.511597,-0.409584,-0.5327,0.740588,0.01217,0.015205,-0.006304,-0.129153,-0.383671,-0.200896,-0.997503,0.108404,0.04001,-0.04267,0.790135,0.421889,-0.444628,-0.146316,0.834268,0.531589,0.595211,-0.354971,0.720914,0.000314,-0.003653,-0.002643,0.000431,-0.000508,-0.000662,-1.093086
813,0.21713,0.000813,0.364786,-0.807081,-0.302952,-0.50684,-0.003453,-0.855951,0.517018,-0.589459,0.419398,0.690413,0.000369,-0.004363,-0.003165,1.193723,-1.478385,1.968806,-1.912363,-0.171031,0.020797,0.349131,-0.914497,0.031539,0.403351,0.210846,-0.813501,0.541935,0.346361,0.580599,0.736751,0.03718,0.032985,-0.011721,0.059083,-0.056015,0.165673,-1.022064,0.042118,0.055039,-0.005489,0.906049,-0.04454,0.42082,-0.201168,0.829557,0.520928,-0.372296,-0.556643,0.742659,0.018605,0.016471,-0.005907,0.089374,-0.063107,0.159522,-0.98591,0.108367,0.039838,-0.042718,0.789975,0.421394,-0.445383,-0.145529,0.834505,0.531433,0.595617,-0.355003,0.720563,0.000163,-0.001903,-0.001379,0.000289,-0.000322,-0.000474,-1.091617
814,0.217025,0.000738,0.364763,-0.807079,-0.302963,-0.506835,-0.003474,-0.855925,0.517061,-0.589461,0.419442,0.690385,-0.013261,-0.003067,-0.001532,-0.000984,0.014715,-0.029553,-1.911606,-0.170335,0.021438,0.348915,-0.915255,0.02113,0.402309,0.220988,-0.808416,0.545492,0.337904,0.588139,0.734695,0.037088,0.033386,-0.011436,-0.160316,0.283838,0.152565,-1.023303,0.042457,0.055346,-0.005593,0.907365,-0.032701,0.419068,-0.211916,0.82541,0.523249,-0.363014,-0.563585,0.742019,0.018999,0.011166,-0.001632,-0.440736,0.371148,0.374814,-0.980684,0.108315,0.039798,-0.042731,0.789324,0.4202,-0.447659,-0.144603,0.835832,0.529597,0.596705,-0.353291,0.720504,-0.006609,-0.001787,-0.000949,0.004579,-0.075508,0.145658,-1.09227
815,0.216882,0.000626,0.364702,-0.806973,-0.302755,-0.507128,-0.003749,-0.856019,0.516903,-0.589604,0.4194,0.690287,-0.013242,-0.003358,-0.001745,-0.000984,0.014715,-0.029553,-1.91198,-0.169218,0.022499,0.348769,-0.919874,0.011181,0.392044,0.229764,-0.794501,0.562059,0.318914,0.607082,0.727742,0.024843,0.025165,-0.000194,-1.267163,-1.054695,-0.208933,-1.023352,0.04303,0.055889,-0.005677,0.912066,-0.024042,0.409336,-0.220577,0.812766,0.539218,-0.345659,-0.582093,0.735993,0.011944,0.018514,-0.003884,-2.882543,-4.98477,-1.950048,-0.981337,0.108243,0.039745,-0.042759,0.789262,0.420006,-0.447949,-0.144352,0.835956,0.52947,0.596847,-0.353228,0.720418,0.000112,-0.001334,-0.000966,0.000159,-0.000177,-0.000265,-1.093576
816,0.216821,0.000382,0.364691,-0.808074,-0.299951,-0.507042,-0.005222,-0.85703,0.515213,-0.588085,0.419346,0.691615,0.00024,-0.002873,-0.002089,0.077089,0.1875,0.093575,-1.911677,-0.168155,0.023752,0.348582,-0.9268,-0.010602,0.375394,0.241495,-0.78207,0.574439,0.288655,0.623053,0.726874,0.024711,0.025249,-0.000168,-0.080841,0.068657,0.182986,-1.02648,0.043561,0.056519,-0.005768,0.919951,-0.003218,0.392017,-0.233021,0.799656,0.553398,-0.31526,-0.600448,0.734896,0.005451,0.018176,-0.003684,-0.076506,0.074932,0.184993,-0.98395,0.108207,0.039624,-0.042764,0.790297,0.417983,-0.448018,-0.143275,0.836983,0.528138,0.595736,-0.353196,0.721352,0.000541,-0.006989,0.003219,0.099755,0.273633,0.093845,-1.095209
817,0.216698,0.000139,0.364708,-0.809402,-0.297642,-0.506283,-0.006125,-0.857771,0.513968,-0.586248,0.419474,0.693095,0.00023,-0.002765,-0.002012,0.090612,0.220701,0.110044,-1.910735,-0.167778,0.024955,0.348545,-0.934425,-0.01828,0.355677,0.236648,-0.777909,0.582056,0.267215,0.628075,0.73074,-0.001198,0.027753,0.003598,0.039555,-0.041765,0.068697,-1.031324,0.04376,0.057115,-0.005791,0.928132,0.003528,0.372233,-0.228072,0.79568,0.561137,-0.294199,-0.605706,0.739301,-0.000589,0.013744,0.001694,0.044989,-0.036334,0.059824,-0.980684,0.108146,0.039503,-0.042755,0.791772,0.415958,-0.447298,-0.142388,0.837811,0.527066,0.593988,-0.353626,0.722582,-0.006199,-0.00736,0.003293,0.130447,0.35608,0.058444,-1.095046
818,0.216624,4.4e-05,0.364693,-0.808483,-0.296568,-0.508377,-0.007048,-0.858862,0.512131,-0.587504,0.417997,0.692925,-0.013235,-0.003663,-0.001973,0.000341,0.017941,-0.027945,-1.910362,-0.167735,0.025399,0.348686,-0.937718,-0.02801,0.346254,0.239382,-0.774101,0.586001,0.252797,0.63242,0.732122,-0.001208,0.028031,0.003761,0.039582,-0.041815,0.068664,-1.031492,0.043781,0.057339,-0.00572,0.931831,0.013032,0.362658,-0.231005,0.792027,0.565092,-0.279871,-0.610346,0.741045,0.006294,0.008601,0.005542,0.02055,-0.143015,0.240975,-0.98248,0.108114,0.039456,-0.042762,0.791757,0.41401,-0.449126,-0.141188,0.839393,0.524866,0.594293,-0.352156,0.723049,0.000129,-0.001564,-0.001135,-0.012381,-0.007365,-0.0001,-1.094393
819,0.216501,-0.000196,0.364663,-0.807698,-0.295802,-0.510069,-0.007702,-0.859726,0.51067,-0.588575,0.416759,0.692762,0.000322,-0.003899,-0.002843,0.0,1e-06,0.0,-1.910759,-0.167615,0.025949,0.349169,-0.942856,-0.030628,0.331776,0.232066,-0.774556,0.588339,0.240142,0.631745,0.736949,-0.000256,0.014532,0.010176,0.088116,-0.110931,-0.040591,-1.03141,0.043841,0.057625,-0.005476,0.937294,0.015061,0.348211,-0.223514,0.792553,0.567362,-0.267431,-0.609616,0.746222,0.000322,0.002053,0.009403,0.072985,-0.228702,0.11671,-0.984113,0.108048,0.039337,-0.042777,0.791116,0.413257,-0.450946,-0.140526,0.840321,0.523557,0.595304,-0.350824,0.722865,0.000167,-0.002027,-0.001475,-0.001403,0.001229,-0.002857,-1.092759
820,0.216403,-0.000493,0.364627,-0.806689,-0.294584,-0.512366,-0.00895,-0.860771,0.508887,-0.589938,0.415461,0.692382,-0.012234,-0.017006,0.004907,0.077311,-0.188871,0.279809,-1.91025,-0.167935,0.025919,0.349978,-0.948085,-0.038627,0.315649,0.227509,-0.775551,0.588807,0.223247,0.630095,0.743642,-0.011222,-0.009141,0.02645,-0.735302,-2.014489,1.754786,-1.042259,0.04369,0.057618,-0.005086,0.942057,0.023146,0.334651,-0.22068,0.794105,0.5663,-0.252641,-0.607338,0.7532,-0.012032,-0.005118,0.01335,0.010669,-0.079214,-0.16977,-0.983134,0.108003,0.039196,-0.042795,0.79048,0.41214,-0.453078,-0.139488,0.841434,0.522044,0.596391,-0.349466,0.722626,0.000205,-0.002461,-0.001798,0.403332,-0.496337,0.657636,-1.092923
821,0.216366,-0.000657,0.364584,-0.808172,-0.292565,-0.511184,-0.009349,-0.861458,0.507714,-0.5879,0.415459,0.694114,0.000499,-0.006082,-0.004447,0.039403,0.111055,0.023075,-1.910024,-0.168182,0.025805,0.350384,-0.95029,-0.044999,0.308082,0.226932,-0.777216,0.586832,0.214232,0.627625,0.748368,-0.01118,-0.011468,0.024822,-0.105914,-0.778156,0.357176,-1.04634,0.043562,0.057565,-0.004873,0.945234,0.028625,0.325132,-0.218608,0.795226,0.565531,-0.242366,-0.605636,0.757933,-0.006059,-0.000115,0.008375,-0.564822,-2.17834,1.618475,-0.983297,0.107984,0.039116,-0.042815,0.791921,0.410419,-0.452123,-0.139236,0.842296,0.520721,0.594535,-0.349418,0.724177,0.000273,-0.003307,-0.002417,0.062041,0.159763,0.043528,-1.093413
822,0.216354,-0.001016,0.364449,-0.80822,-0.292704,-0.511027,-0.009347,-0.861288,0.508003,-0.587833,0.415714,0.694018,0.000651,-0.007948,-0.005826,-0.000873,0.013145,-0.025632,-1.910562,-0.168776,0.025304,0.351245,-0.952336,-0.054996,0.300037,0.227208,-0.783811,0.577885,0.204586,0.618576,0.758533,-0.023028,-0.028294,0.030048,0.251247,-0.35257,-0.344045,-1.062541,0.043273,0.057331,-0.00445,0.947817,0.037158,0.31664,-0.217752,0.800883,0.557825,-0.232865,-0.597666,0.767182,-0.011978,-0.008681,0.010877,0.389681,-0.45734,-0.278545,-0.983297,0.107973,0.038935,-0.042878,0.792118,0.410264,-0.45192,-0.13893,0.842161,0.521021,0.594346,-0.349925,0.724088,0.000308,-0.003735,-0.002739,-0.002043,0.011427,-0.026208,-1.094066
823,0.216449,-0.00143,0.364279,-0.807044,-0.291118,-0.513786,-0.010979,-0.862528,0.505862,-0.589418,0.414251,0.693548,0.000771,-0.009387,-0.006902,-0.000881,0.013117,-0.025646,-1.909824,-0.169373,0.02445,0.352124,-0.955798,-0.069796,0.285604,0.228343,-0.787741,0.572064,0.186254,0.612076,0.768463,-0.010216,-0.029065,0.028559,0.165846,-0.275425,-0.263975,-1.080853,0.042966,0.056892,-0.004006,0.952029,0.052805,0.301414,-0.219064,0.805354,0.550831,-0.213659,-0.590437,0.778288,-0.005562,-0.009535,0.009802,0.275432,-0.433125,-0.145394,-0.9864,0.108021,0.038721,-0.042967,0.791322,0.408641,-0.454775,-0.137383,0.84365,0.519017,0.595763,-0.348232,0.72374,0.000394,-0.004786,-0.00352,-0.002409,0.014966,-0.028661,-1.093086
824,0.216765,-0.001935,0.364055,-0.809714,-0.286474,-0.512193,-0.012531,-0.864158,0.503036,-0.585717,0.414085,0.696775,0.014492,-0.010667,-0.008583,0.125625,0.304878,0.156053,-1.910417,-0.169602,0.023532,0.352968,-0.958551,-0.071814,0.275705,0.220646,-0.798919,0.559444,0.181295,0.597175,0.781267,0.001761,-0.020722,0.01748,0.399376,-0.502988,-0.383161,-1.082137,0.042847,0.056432,-0.003578,0.954896,0.053486,0.292081,-0.21058,0.815482,0.539114,-0.209352,-0.576305,0.789964,-0.005115,-0.016188,0.013165,0.38887,-0.6362,-0.318102,-0.973173,0.108174,0.038474,-0.043075,0.793653,0.405419,-0.453595,-0.136247,0.845101,0.516953,0.592916,-0.34848,0.725955,0.000522,-0.006251,-0.00462,0.252904,0.478576,0.160832,-1.093576
825,0.216972,-0.002214,0.363902,-0.811103,-0.284273,-0.51122,-0.013138,-0.864926,0.5017,-0.58378,0.413996,0.698452,0.014618,-0.011962,-0.009564,0.067268,0.162488,0.08534,-1.909825,-0.16974,0.022936,0.353406,-0.960831,-0.079591,0.265442,0.220041,-0.800958,0.556761,0.169502,0.593458,0.786728,-0.010192,-0.034802,0.024675,0.288971,-0.753939,-0.104326,-1.086713,0.042782,0.056151,-0.003366,0.957228,0.060714,0.282892,-0.210349,0.817369,0.53634,-0.198664,-0.572906,0.79518,-0.005104,-0.017896,0.011996,-0.846978,-2.15086,1.456534,-0.975132,0.108277,0.038335,-0.043151,0.795905,0.402717,-0.452055,-0.135663,0.846324,0.515102,0.590025,-0.348645,0.728227,0.007348,-0.006406,-0.005101,0.092352,0.221586,0.077486,-1.093903
826,0.217272,-0.002746,0.363644,-0.815455,-0.278126,-0.507666,-0.014384,-0.867037,0.498008,-0.577661,0.413746,0.703668,0.014437,-0.009457,-0.007747,0.189918,0.461868,0.233733,-1.909714,-0.169586,0.021846,0.353995,-0.962967,-0.115698,0.243517,0.234657,-0.803896,0.546462,0.133749,0.58351,0.800931,0.001839,-0.028108,0.012423,0.454376,-0.718177,-0.081727,-1.100564,0.042854,0.055596,-0.00306,0.960975,0.097075,0.259041,-0.2245,0.820805,0.525242,-0.161635,-0.562899,0.810566,0.006905,-0.008131,0.00184,0.673704,-0.79955,-0.281981,-0.974153,0.108433,0.038058,-0.043289,0.800123,0.39792,-0.448845,-0.134608,0.848309,0.512105,0.584537,-0.349328,0.732315,0.007217,-0.004673,-0.003836,0.301258,0.574102,0.24194,-1.091453
827,0.217674,-0.003283,0.363476,-0.820093,-0.268485,-0.50538,-0.017422,-0.871025,0.490901,-0.57098,0.411718,0.71028,0.015204,-0.019219,0.001741,0.161521,0.487724,0.221448,-1.909658,-0.169357,0.021014,0.354171,-0.961713,-0.149602,0.229606,0.252736,-0.807454,0.532987,0.10687,0.570796,0.814023,0.013026,-0.010295,-0.008145,0.15248,-0.274356,0.007013,-1.115878,0.042965,0.055175,-0.002963,0.960736,0.132715,0.243664,-0.243349,0.824916,0.510191,-0.133292,-0.549454,0.824822,0.000502,-0.010418,0.000749,0.022128,-0.293345,-0.118071,-0.967458,0.108629,0.037797,-0.043373,0.805675,0.389118,-0.446626,-0.131697,0.852775,0.505401,0.577532,-0.34837,0.738305,0.007204,-0.004348,-0.003612,0.186511,0.526632,0.281003,-1.0908
828,0.217839,-0.003541,0.363415,-0.821675,-0.26681,-0.503694,-0.017513,-0.871479,0.490091,-0.568699,0.411844,0.712034,0.014291,-0.007233,-0.006134,0.036733,0.087689,0.048092,-1.90896,-0.16923,0.020849,0.354021,-0.957798,-0.178544,0.225248,0.274288,-0.801215,0.531747,0.086737,0.571311,0.816053,0.012127,0.002266,-0.015406,0.023702,-0.199387,0.066462,-1.117549,0.043023,0.055084,-0.003037,0.957474,0.161624,0.238996,-0.265292,0.818805,0.509095,-0.113409,-0.550849,0.826862,-0.000394,0.000805,-0.00743,-0.376628,-0.962854,-1.201182,-0.963539,0.108711,0.037665,-0.0434,0.80859,0.386046,-0.444015,-0.131174,0.853936,0.503572,0.573563,-0.34894,0.741124,0.007515,-0.008493,0.001692,-0.011497,0.105642,0.044028,-1.089984
829,0.218038,-0.003831,0.363327,-0.823179,-0.264979,-0.502203,-0.017794,-0.871998,0.489157,-0.566514,0.411925,0.713727,0.014029,-0.004028,-0.003748,0.000539,-0.000592,0.004404,-1.908716,-0.168869,0.021045,0.353396,-0.954961,-0.194572,0.224016,0.2878,-0.790142,0.541092,0.072925,0.581436,0.810233,0.012114,0.003963,-0.014237,-0.365214,0.373514,0.262682,-1.124234,0.043209,0.055173,-0.003357,0.954873,0.179254,0.236818,-0.280191,0.808162,0.51804,-0.098527,-0.561018,0.821918,-0.000837,0.007352,-0.010874,-0.352038,0.345045,0.255788,-0.952925,0.108811,0.037517,-0.043446,0.810252,0.384339,-0.442464,-0.130665,0.854414,0.502895,0.571329,-0.349657,0.74251,0.000208,-0.002404,-0.001803,-0.009424,0.002709,-0.027536,-1.090637
830,0.218171,-0.003949,0.363245,-0.822877,-0.264325,-0.503042,-0.018602,-0.872262,0.488656,-0.566927,0.411785,0.71348,0.000167,-0.00193,-0.001447,0.0,0.0,0.0,-1.908934,-0.168334,0.021715,0.352592,-0.943927,-0.251158,0.214272,0.32921,-0.761866,0.557775,0.024346,0.597353,0.801523,0.02315,0.030657,-0.028585,-1.318031,-2.896004,-4.155713,-1.126922,0.043472,0.055494,-0.003756,0.946781,0.228752,0.226443,-0.317215,0.782408,0.535921,-0.054578,-0.579232,0.813333,0.005601,0.009368,-0.009966,-0.204516,0.266022,0.211187,-0.963865,0.108883,0.037454,-0.04349,0.809996,0.383796,-0.443402,-0.129913,0.854746,0.502523,0.571863,-0.349439,0.742202,8.9e-05,-0.001016,-0.000765,0.000968,-0.001501,-0.001936,-1.094392
831,0.218192,-0.003953,0.363228,-0.822667,-0.263869,-0.503624,-0.019138,-0.872464,0.488275,-0.567213,0.411649,0.71333,3e-05,-0.000351,-0.000263,0.0,0.0,0.0,-1.908652,-0.167879,0.022155,0.352152,-0.938628,-0.271816,0.212332,0.344743,-0.750902,0.563234,0.007527,0.602206,0.798219,0.023123,0.030565,-0.028629,-0.183679,-0.143557,-0.15362,-1.12602,0.043708,0.055728,-0.003984,0.940833,0.254356,0.223908,-0.337082,0.770242,0.541389,-0.034758,-0.584832,0.810408,0.011589,0.015316,-0.014306,-0.133824,-0.157355,-0.153054,-0.959947,0.108893,0.037451,-0.043499,0.809868,0.383368,-0.444005,-0.129424,0.85502,0.502183,0.572155,-0.349238,0.742072,0.006799,0.000514,1.7e-05,0.008021,-0.105993,0.205106,-1.095372
832,0.218247,-0.003993,0.36322,-0.822253,-0.262987,-0.504759,-0.020237,-0.872811,0.487609,-0.567774,0.411475,0.712985,0.000137,-0.001574,-0.001181,0.0,0.0,0.0,-1.908993,-0.167113,0.02284,0.351113,-0.917965,-0.34149,0.201784,0.392777,-0.712974,0.5808,-0.053313,0.612835,0.788323,0.023241,0.022282,-0.034407,-0.575484,-0.7015,0.594721,-1.131547,0.044082,0.056075,-0.004482,0.921747,0.324556,0.212236,-0.386957,0.733921,0.558233,0.025413,-0.596676,0.802079,0.005212,0.010328,-0.017277,-1.535656,-2.575887,0.647906,-0.956354,0.10892,0.037438,-0.043498,0.809624,0.382524,-0.445178,-0.128402,0.85552,0.501596,0.572731,-0.348943,0.741765,0.006872,-0.000317,-0.000606,0.000779,-0.002368,0.002803,-1.095862
833,0.218277,-0.004114,0.363179,-0.821837,-0.262111,-0.505891,-0.02136,-0.873135,0.486981,-0.568335,0.411347,0.712613,0.000261,-0.002997,-0.00225,0.006061,-0.090159,0.17718,-1.908448,-0.166169,0.023661,0.349637,-0.90135,-0.38551,0.197334,0.422438,-0.683011,0.595798,-0.093768,0.620865,0.778201,0.023351,0.016712,-0.038329,-1.532629,-2.861053,-3.687905,-1.134716,0.044562,0.056495,-0.005232,0.90679,0.368196,0.205332,-0.416396,0.706079,0.57277,0.065911,-0.604882,0.793581,0.0116,0.008105,-0.019383,-1.451822,-2.896082,-3.679165,-0.952272,0.108935,0.03738,-0.043517,0.809406,0.381755,-0.446233,-0.127439,0.855947,0.501111,0.573254,-0.348735,0.74146,0.000157,-0.001797,-0.001347,-0.00042,0.012576,-0.02641,-1.093249
834,0.2182,-0.004284,0.363081,-0.821618,-0.261653,-0.506485,-0.021946,-0.873305,0.486651,-0.56863,0.411277,0.712417,0.000256,-0.002946,-0.002215,0.0,0.0,0.0,-1.909103,-0.164901,0.023956,0.348257,-0.875672,-0.443374,0.191333,0.460247,-0.646887,0.607983,-0.144688,0.621008,0.770245,0.037339,0.003188,-0.032986,-0.397468,-1.064472,-0.896559,-1.133916,0.045168,0.056637,-0.0059,0.88497,0.421119,0.19871,-0.451651,0.672448,0.586365,0.113307,-0.608663,0.785296,0.012247,0.001473,-0.016072,-0.341092,-0.699858,0.80965,-0.955538,0.108897,0.037293,-0.043567,0.809254,0.381223,-0.446963,-0.126785,0.85625,0.50076,0.573614,-0.348574,0.741257,0.000178,-0.002035,-0.001529,-0.000552,0.012723,-0.026151,-1.092433
835,0.218155,-0.00436,0.363052,-0.821458,-0.261323,-0.506914,-0.022378,-0.873421,0.486422,-0.568843,0.411239,0.712269,0.00024,-0.002777,-0.002089,0.006058,-0.090141,0.177189,-1.908897,-0.16421,0.023918,0.347726,-0.855846,-0.482997,0.185022,0.484157,-0.622688,0.614642,-0.180578,0.616222,0.766502,0.038328,-0.0066,-0.023946,-1.225386,-3.468663,-3.938708,-1.136674,0.045527,0.056617,-0.006185,0.866465,0.461349,0.19077,-0.476312,0.649482,0.592704,0.149542,-0.604424,0.782501,0.025671,-0.003099,-0.012364,-0.367147,-0.301072,0.026278,-0.955048,0.108874,0.037252,-0.043584,0.809163,0.380895,-0.447407,-0.12637,0.856427,0.500561,0.573833,-0.348497,0.741123,0.000122,-0.001398,-0.00105,0.006332,-0.090402,0.176786,-1.09325
836,0.218144,-0.004477,0.363003,-0.821187,-0.260758,-0.507644,-0.023107,-0.873624,0.486024,-0.569205,0.411166,0.712022,0.000248,-0.002871,-0.002161,-0.000878,0.013059,-0.025676,-1.908534,-0.162535,0.023615,0.347238,-0.811015,-0.55776,0.176494,0.533395,-0.581399,0.614328,-0.239009,0.593068,0.768771,0.040061,-0.016719,0.000944,-0.741338,-3.714037,-4.424778,-1.156143,0.046365,0.056452,-0.006451,0.82511,0.535486,0.180127,-0.525338,0.609882,0.593348,0.207874,-0.584206,0.784532,0.020049,-0.007847,0.000824,0.469998,-0.625856,-0.106909,-0.953251,0.108869,0.037196,-0.043607,0.80901,0.380331,-0.448162,-0.125666,0.856733,0.500215,0.574203,-0.348361,0.740901,0.00012,-0.001382,-0.00104,-0.000709,0.012861,-0.025939,-1.093413
837,0.218113,-0.004596,0.362967,-0.822444,-0.258381,-0.506824,-0.023945,-0.874426,0.484538,-0.567354,0.410958,0.713617,-0.013407,-0.003496,-0.001896,0.000626,0.033977,-0.052163,-1.908481,-0.160997,0.023107,0.347329,-0.783785,-0.596979,0.171138,0.55832,-0.556971,0.614813,-0.27072,0.578179,0.769599,0.039975,-0.011546,0.004629,0.311874,-0.398689,-0.472447,-1.160819,0.047135,0.0562,-0.006404,0.796142,0.579719,0.173442,-0.553951,0.582909,0.594436,0.243505,-0.569335,0.785214,0.013533,-0.006181,0.002543,-0.121573,-0.328321,-0.348453,-0.949333,0.108859,0.037137,-0.043625,0.810608,0.378025,-0.447226,-0.124886,0.857749,0.498668,0.572117,-0.348372,0.742508,0.000448,-0.005756,0.004107,-0.048657,-0.000392,-0.017469,-1.092596
838,0.218064,-0.004631,0.362981,-0.822412,-0.258325,-0.506904,-0.02406,-0.874418,0.484547,-0.567396,0.41101,0.713554,1.1e-05,-0.000123,-9.3e-05,3.6e-05,9.1e-05,4.5e-05,-1.908743,-0.160414,0.022928,0.347456,-0.762681,-0.624539,0.168112,0.575679,-0.537301,0.616308,-0.293616,0.567607,0.769074,0.026893,-0.008353,0.007995,-0.981167,-3.524602,-4.328606,-1.180439,0.047431,0.056108,-0.006343,0.778066,0.605048,0.168905,-0.570162,0.567334,0.594177,0.26368,-0.558612,0.786399,0.019924,-0.003345,0.00405,-0.126539,-0.353347,-0.30195,-0.946393,0.108829,0.037115,-0.043621,0.81053,0.37803,-0.447363,-0.124722,0.857697,0.498798,0.572263,-0.348495,0.742338,-0.00681,-0.000529,-3.1e-05,-0.003373,0.011887,-0.029979,-1.093902
839,0.218039,-0.004706,0.363078,-0.822208,-0.257937,-0.507432,-0.024721,-0.874452,0.484452,-0.567662,0.411181,0.713244,0.000759,-0.009999,0.009354,-0.03566,0.0077,-0.020985,-1.908514,-0.159568,0.022752,0.347854,-0.727393,-0.66798,0.157144,0.600376,-0.508816,0.616919,-0.331212,0.543925,0.770913,0.013839,-0.006477,0.010418,-0.873955,-3.443583,-4.269594,-1.21594,0.047854,0.05603,-0.006143,0.744204,0.64943,0.156201,-0.595777,0.539651,0.594833,0.302008,-0.535738,0.788526,0.006892,-0.002336,0.005856,-0.023766,-0.042686,-0.001128,-0.959457,0.108816,0.037082,-0.043575,0.810413,0.377737,-0.447822,-0.124181,0.857773,0.498802,0.572546,-0.348625,0.742058,-3.5e-05,0.00039,0.000295,0.000192,-0.000286,-0.00036,-1.095209
840,0.218032,-0.004745,0.363088,-0.821904,-0.257304,-0.508245,-0.025532,-0.874679,0.484,-0.568066,0.411093,0.712973,4.2e-05,-0.000483,-0.000364,0.0,0.0,0.0,-1.908767,-0.159321,0.022567,0.348138,-0.702615,-0.695414,0.15074,0.61599,-0.488603,0.617866,-0.355131,0.527849,0.771441,-9.1e-05,0.002148,0.001543,-0.771269,-3.485586,-4.316521,-1.223549,0.047988,0.055937,-0.00599,0.720427,0.677341,0.148973,-0.611951,0.51977,0.596116,0.326342,-0.520622,0.788956,0.000475,-0.004261,0.00502,0.026383,-0.083489,-0.10859,-0.948026,0.108813,0.037062,-0.043565,0.810222,0.377021,-0.448768,-0.123285,0.858152,0.498371,0.573008,-0.348466,0.741776,2.7e-05,-0.000309,-0.000234,0.000175,-0.000165,-0.000259,-1.094556
841,0.217944,-0.004798,0.363104,-0.820785,-0.25581,-0.510801,-0.026896,-0.875877,0.481756,-0.569618,0.40947,0.712669,0.0008,-0.010481,0.008991,-0.03566,0.007704,-0.020983,-1.908703,-0.1596,0.02239,0.348472,-0.641623,-0.755862,0.130318,0.646675,-0.441909,0.62166,-0.411487,0.484095,0.772136,-0.012027,-0.009096,0.010697,-0.736597,-3.541193,-4.335921,-1.267604,0.047857,0.055852,-0.005828,0.661584,0.739187,0.126124,-0.644207,0.474178,0.600126,0.383801,-0.478284,0.789899,-0.006025,-0.004032,0.005743,-0.32614,-1.007538,0.10538,-0.958314,0.108769,0.037038,-0.043561,0.809466,0.37544,-0.45145,-0.121961,0.859602,0.496193,0.574359,-0.346592,0.741609,-0.006811,-0.000537,-3.5e-05,-0.00246,0.016432,-0.031931,-1.094229
842,0.217897,-0.004857,0.36315,-0.82072,-0.255699,-0.510962,-0.027143,-0.87585,0.481791,-0.569701,0.409598,0.712529,0.0,-0.0,-0.0,0.0,0.0,0.0,-1.908686,-0.159862,0.022303,0.348626,-0.621442,-0.774555,0.117754,0.653919,-0.430195,0.622299,-0.430559,0.464698,0.773652,-0.01204,-0.008806,0.010905,0.067012,-0.285936,-0.064616,-1.286433,0.047726,0.055808,-0.005752,0.638185,0.761591,0.112684,-0.654062,0.459131,0.601166,0.406106,-0.457358,0.791138,-0.00601,-0.004645,0.005288,-0.098182,-1.220115,-1.411083,-0.96011,0.108745,0.037009,-0.043537,0.809431,0.375338,-0.451598,-0.121726,0.859596,0.496261,0.574458,-0.346719,0.741473,-2e-06,1.3e-05,1e-05,-0.000138,0.000168,-0.000471,-1.093903
843,0.217863,-0.004953,0.363219,-0.820626,-0.255542,-0.511191,-0.027508,-0.875799,0.481862,-0.569818,0.409803,0.712317,3e-06,-3.9e-05,-3e-05,0.0,0.0,0.0,-1.908357,-0.16077,0.022275,0.348865,-0.583525,-0.805906,0.100029,0.669618,-0.40796,0.620576,-0.458576,0.430117,0.777542,-0.026058,0.002594,0.003993,0.195503,-1.433369,-1.560451,-1.316791,0.047283,0.055788,-0.005631,0.606692,0.789275,0.094707,-0.666914,0.440525,0.600967,0.432607,-0.427764,0.793642,-0.013026,0.001335,0.002054,-0.304718,-0.622932,0.500194,-0.949986,0.108728,0.036956,-0.0435,0.809374,0.375194,-0.45182,-0.121367,0.859576,0.496385,0.574615,-0.346926,0.741255,1e-06,-1.7e-05,-1.2e-05,6.4e-05,-5.1e-05,-0.000103,-1.093086
844,0.217796,-0.005019,0.363225,-0.820418,-0.255121,-0.511734,-0.028077,-0.875927,0.481596,-0.570089,0.409791,0.712107,-0.013554,-0.001901,-0.000697,-0.000984,0.014715,-0.029553,-1.90846,-0.162074,0.022488,0.348822,-0.584816,-0.805062,0.099281,0.667615,-0.40835,0.622475,-0.459846,0.431328,0.776119,-0.026925,0.010489,-0.006503,-0.04251,0.094273,0.01024,-1.333744,0.046621,0.055898,-0.005644,0.601575,0.793382,0.093005,-0.668855,0.436624,0.601657,0.436736,-0.424149,0.793321,-0.019428,-0.000722,0.001099,-0.099081,0.141596,-0.022221,-0.955211,0.1087,0.036926,-0.043496,0.809255,0.374752,-0.452401,-0.120791,0.859793,0.496149,0.574904,-0.346865,0.741059,5.1e-05,-0.0006,-0.000451,6e-05,-4.7e-05,-5.5e-05,-1.091617
845,0.217782,-0.005095,0.363232,-0.821662,-0.252722,-0.510929,-0.028958,-0.876711,0.480114,-0.568253,0.409597,0.713685,0.001006,-0.012924,0.007152,-0.028864,0.040125,-0.037115,-1.908299,-0.162706,0.022702,0.348724,-0.585682,-0.804075,0.10213,0.667439,-0.407109,0.623475,-0.458998,0.434336,0.774943,-0.039883,0.011044,-0.005057,-0.204013,0.26744,0.088647,-1.337859,0.046295,0.056005,-0.005698,0.601926,0.792797,0.095689,-0.669222,0.435428,0.602116,0.43569,-0.426467,0.792653,-0.019939,0.005533,-0.002499,-0.297125,0.309106,0.088855,-0.960763,0.108687,0.036894,-0.043493,0.810864,0.372452,-0.451418,-0.120061,0.860807,0.494565,0.572786,-0.346828,0.742715,5.5e-05,-0.000653,-0.000493,-0.011701,0.003347,0.011714,-1.09178
846,0.217794,-0.005254,0.363289,-0.821461,-0.252349,-0.511435,-0.029628,-0.876715,0.480068,-0.568508,0.409819,0.713354,2.5e-05,-0.000288,-0.000217,2e-06,4e-06,2e-06,-1.908228,-0.163904,0.02305,0.348537,-0.552569,-0.827314,0.101042,0.681701,-0.379027,0.625745,-0.478687,0.415689,0.773256,-0.026826,0.009128,-0.007491,-0.082169,-0.231769,-0.383499,-1.378907,0.045716,0.056177,-0.005783,0.571555,0.815203,0.093635,-0.682724,0.409136,0.605387,0.455204,-0.40994,0.790403,-0.012979,-0.001087,9.5e-05,-0.660572,-3.379701,-4.284705,-0.968437,0.108694,0.036805,-0.043466,0.810663,0.372117,-0.452054,-0.119253,0.860817,0.494744,0.573239,-0.347162,0.742209,0.000407,-0.005345,0.00442,-0.036055,0.006867,-0.021352,-1.092433
847,0.217768,-0.005311,0.363337,-0.821466,-0.252385,-0.51141,-0.029698,-0.876628,0.480222,-0.568497,0.409983,0.713268,0.0,-0.0,-0.0,0.0,0.0,0.0,-1.908383,-0.164448,0.023138,0.348462,-0.523299,-0.847304,0.090697,0.68975,-0.358817,0.628832,-0.499601,0.392693,0.772045,-4.5e-05,0.001705,0.001217,0.001825,-0.014896,0.0246,-1.404018,0.045429,0.056219,-0.005832,0.541795,0.836459,0.082414,-0.691961,0.388231,0.608658,0.477122,-0.386796,0.789139,-1e-06,0.000188,0.000159,0.003366,0.005106,-0.000944,-0.967784,0.108681,0.036777,-0.043441,0.810652,0.372166,-0.452032,-0.119191,0.860733,0.494905,0.573266,-0.347318,0.742114,-0.006818,-0.000524,-2.6e-05,-0.000832,0.01456,-0.029846,-1.093086
848,0.217635,-0.005331,0.363367,-0.821217,-0.251875,-0.512062,-0.030358,-0.8768,0.479867,-0.568823,0.409928,0.713041,-5.4e-05,0.000637,0.00048,0.0,0.0,0.0,-1.908218,-0.164466,0.022914,0.348668,-0.521137,-0.848612,0.090911,0.691363,-0.357445,0.627841,-0.499634,0.391113,0.772826,0.000958,-0.010702,0.008466,-0.035803,0.009406,-0.018887,-1.401316,0.045415,0.056111,-0.005725,0.539671,0.837816,0.082579,-0.693642,0.386916,0.607583,0.477091,-0.385175,0.789951,0.000477,-0.005371,0.004226,-0.043865,0.013622,-0.018255,-0.961416,0.108615,0.036766,-0.043427,0.810512,0.371653,-0.452706,-0.118549,0.860999,0.494597,0.573599,-0.347209,0.741909,-3.8e-05,0.000425,0.000322,0.000131,-0.000135,-0.000161,-1.094066
849,0.217595,-0.005344,0.363397,-0.822461,-0.249479,-0.511237,-0.031205,-0.877595,0.478356,-0.566978,0.409688,0.714646,-0.013709,-0.000152,0.000621,0.037971,0.008795,0.189094,-1.908303,-0.16435,0.022805,0.348738,-0.5062,-0.857903,0.08806,0.696024,-0.346258,0.628959,-0.508449,0.380752,0.77225,0.012963,-0.000298,-0.001258,-0.145134,-1.06646,-1.26148,-1.404146,0.045473,0.056059,-0.005688,0.525473,0.847112,0.079236,-0.698333,0.376228,0.60892,0.486013,-0.375304,0.789264,0.006479,-0.000241,-0.000706,-0.147852,-1.07465,-1.274168,-0.961253,0.1086,0.03676,-0.043412,0.811997,0.369662,-0.451673,-0.118071,0.861899,0.49314,0.571592,-0.347099,0.743507,-5.2e-05,0.000619,0.000468,0.032764,0.095317,0.050628,-1.094066
850,0.217546,-0.005382,0.36346,-0.822462,-0.249506,-0.511223,-0.031285,-0.877512,0.478503,-0.566973,0.40985,0.714557,-6.4e-05,0.000763,0.000575,6e-06,1.5e-05,7e-06,-1.908125,-0.1637,0.022789,0.348625,-0.47597,-0.87539,0.084476,0.706247,-0.323362,0.62975,-0.523354,0.360506,0.77201,0.025948,-0.001049,-0.002849,0.003987,-0.031172,0.057557,-1.404653,0.045788,0.056051,-0.005744,0.495256,0.865518,0.07482,-0.709339,0.353157,0.610014,0.501555,-0.355186,0.788849,0.006517,-0.001166,-0.001353,0.000519,0.000348,0.002137,-0.958477,0.10857,0.036741,-0.04338,0.812029,0.369417,-0.451817,-0.117618,0.86187,0.4933,0.571641,-0.347432,0.743314,-5e-05,0.000579,0.000436,-0.000985,-0.001476,-0.000441,-1.095209
851,0.217438,-0.005443,0.363471,-0.82236,-0.249308,-0.511483,-0.031586,-0.877548,0.478417,-0.567104,0.409892,0.714429,4.5e-05,-0.000531,-0.0004,0.0,0.0,0.0,-1.908327,-0.163064,0.022755,0.348621,-0.414303,-0.906045,0.086176,0.726094,-0.272089,0.631418,-0.548116,0.325312,0.770457,0.012939,0.000762,-0.00051,-0.158863,-1.161028,-1.371041,-1.405222,0.046111,0.056029,-0.00575,0.436072,0.896796,0.074816,-0.729754,0.303745,0.612533,0.526592,-0.321706,0.786895,0.00644,0.000638,-0.000357,-0.514745,-3.857475,-4.630929,-0.95717,0.108516,0.036713,-0.043373,0.811958,0.369235,-0.452094,-0.11733,0.861942,0.493243,0.571802,-0.347448,0.743183,3.4e-05,-0.00041,-0.000307,0.006206,-0.089936,0.177107,-1.095699
852,0.217388,-0.00547,0.363479,-0.822238,-0.249062,-0.511798,-0.031913,-0.877624,0.478256,-0.567261,0.409878,0.714312,8e-06,-9.8e-05,-7.4e-05,0.0,0.0,0.0,-1.908208,-0.162689,0.022703,0.34865,-0.349449,-0.933521,0.0801,0.741019,-0.223176,0.63326,-0.572837,0.281825,0.769608,0.026899,-0.010297,0.006645,-0.490174,-3.628253,-4.334521,-1.405398,0.046293,0.05601,-0.005737,0.375791,0.924282,0.066953,-0.745005,0.258352,0.614998,0.551134,-0.280991,0.785681,0.01296,0.000273,-0.000825,-0.040283,-0.382584,-0.355045,-0.9606,0.108491,0.036698,-0.04337,0.811888,0.368988,-0.45242,-0.117012,0.862064,0.493105,0.571965,-0.347407,0.743076,3e-06,-4.4e-05,-3.2e-05,0.000157,-0.000166,-0.000267,-1.096352
853,0.217371,-0.005519,0.363519,-0.821977,-0.248536,-0.512472,-0.032639,-0.877768,0.477943,-0.567597,0.409889,0.714038,-5e-06,6.3e-05,4.8e-05,0.0,0.0,0.0,-1.908383,-0.161628,0.02235,0.348771,-0.305862,-0.949287,0.072757,0.747561,-0.192263,0.635705,-0.589086,0.250026,0.768329,0.014089,-0.013966,0.005073,-0.036276,0.009464,-0.013948,-1.4048,0.046829,0.055838,-0.005673,0.327121,0.943174,0.058427,-0.753837,0.223169,0.618001,0.569843,-0.246206,0.784002,0.013502,-0.006166,0.002603,-0.031366,-0.016553,0.041406,-0.956028,0.108482,0.036678,-0.043353,0.811738,0.368446,-0.45313,-0.116307,0.862325,0.492815,0.572322,-0.347335,0.742835,-5e-06,5.3e-05,4.1e-05,0.000136,-0.000123,-0.000157,-1.097985
854,0.217361,-0.00552,0.363519,-0.821857,-0.248283,-0.512788,-0.032942,-0.877867,0.47774,-0.567755,0.40983,0.713947,-0.013588,-0.001618,-0.000487,-0.000984,0.014715,-0.029553,-1.908226,-0.160795,0.021693,0.349035,-0.288526,-0.953993,0.081498,0.753045,-0.173659,0.634586,-0.590867,0.24567,0.768365,0.028165,-0.025616,0.011802,-0.070647,0.003973,-0.003516,-1.404679,0.04724,0.055514,-0.005543,0.309813,0.948444,0.066853,-0.759771,0.204683,0.617131,0.571631,-0.241989,0.784014,0.013556,-0.007003,0.001988,-0.034508,-0.024149,0.046558,-0.962559,0.108478,0.036675,-0.043349,0.811671,0.368205,-0.453446,-0.116013,0.862452,0.492661,0.572476,-0.347274,0.742744,-0.006792,-0.000846,-0.00027,-0.000909,0.01463,-0.029657,-1.097332
855,0.217281,-0.005541,0.36352,-0.821709,-0.247981,-0.51317,-0.03332,-0.877975,0.477516,-0.567945,0.409782,0.713823,-4.4e-05,0.00052,0.000392,0.0,0.0,0.0,-1.908359,-0.159786,0.020988,0.349151,-0.262532,-0.961753,0.078097,0.758521,-0.155798,0.632697,-0.595994,0.226555,0.770278,0.027304,-0.016845,0.001914,0.22802,-0.37314,-0.283947,-1.404927,0.047745,0.055157,-0.005482,0.285675,0.956239,0.063206,-0.764604,0.18767,0.616571,0.577728,-0.224466,0.784757,0.013642,-0.008297,0.001036,0.415007,-0.705639,-0.572133,-0.970723,0.108437,0.036661,-0.04335,0.811589,0.367899,-0.453842,-0.115643,0.862615,0.492464,0.572668,-0.347195,0.742634,-3e-05,0.000362,0.000274,6.3e-05,-2.9e-05,-8.7e-05,-1.096515
856,0.21724,-0.005554,0.363551,-0.820686,-0.246692,-0.515424,-0.034394,-0.879078,0.475405,-0.569358,0.408188,0.713611,-3.3e-05,0.000396,0.000299,0.0,-0.0,0.0,-1.90824,-0.159296,0.020714,0.349194,-0.251485,-0.964769,0.077245,0.759779,-0.147472,0.633183,-0.59916,0.219143,0.769965,0.026184,-0.003158,-0.00444,0.007496,-0.033799,0.056204,-1.40457,0.047981,0.055015,-0.005463,0.273044,0.960025,0.061632,-0.767161,0.17864,0.616077,0.58044,-0.215498,0.78527,0.00712,-0.007654,0.002043,-0.047321,-0.001772,0.006378,-0.97105,0.108417,0.036656,-0.043334,0.810888,0.366536,-0.456192,-0.114594,0.863911,0.490433,0.573871,-0.34541,0.742538,-2.1e-05,0.000252,0.000191,-0.000964,0.001103,-0.00144,-1.096515
857,0.21716,-0.005585,0.363583,-0.820709,-0.246756,-0.515358,-0.034383,-0.879012,0.475527,-0.569326,0.408291,0.713577,5e-06,-6.2e-05,-4.7e-05,0.0,0.0,0.0,-1.908346,-0.15872,0.020689,0.349055,-0.24953,-0.965338,0.076473,0.761285,-0.146876,0.631511,-0.598068,0.217017,0.771415,-0.000994,0.009675,-0.00923,0.036683,-0.00974,0.018581,-1.404287,0.048289,0.054989,-0.005532,0.271172,0.960607,0.060823,-0.768545,0.178045,0.614522,0.579485,-0.213387,0.78655,0.006,0.005301,-0.004833,0.033266,-0.021265,0.049322,-0.969744,0.108377,0.036642,-0.043317,0.810901,0.366609,-0.456109,-0.11461,0.863833,0.490566,0.573848,-0.345526,0.742501,5e-06,-4.8e-05,-3.3e-05,3.3e-05,2.6e-05,-8.8e-05,-1.094556
858,0.216989,-0.005627,0.363561,-0.820682,-0.246704,-0.515425,-0.034446,-0.879033,0.475485,-0.569361,0.408278,0.713557,-0.013599,-0.001504,-0.000404,-0.000984,0.014715,-0.029553,-1.908346,-0.158777,0.021072,0.348457,-0.420307,-0.903182,0.087151,0.727264,-0.278021,0.627475,-0.541958,0.328252,0.77356,-0.001771,0.014387,-0.022028,0.761169,4.954467,6.115856,-1.40462,0.04826,0.055193,-0.00582,0.433212,0.898104,0.07573,-0.733642,0.302575,0.608454,0.523541,-0.319148,0.789967,-0.000926,0.007498,-0.011202,0.746813,5.068333,5.976548,-0.974643,0.108296,0.036621,-0.043329,0.810882,0.366542,-0.456198,-0.114533,0.863871,0.490518,0.573892,-0.345502,0.742479,2.3e-05,-0.000264,-0.000195,2.2e-05,-1.9e-05,-4.3e-05,-1.093249
859,0.216887,-0.005642,0.363555,-0.820587,-0.246508,-0.51567,-0.034679,-0.879109,0.475328,-0.569484,0.408233,0.713485,9e-06,-0.000109,-8.2e-05,0.0,0.0,0.0,-1.908453,-0.159045,0.021308,0.347966,-0.545953,-0.831718,0.10086,0.687972,-0.376501,0.620383,-0.477315,0.409136,0.777587,-0.014633,0.01052,-0.023733,0.909384,4.767205,6.140903,-1.403375,0.04813,0.055316,-0.006064,0.557851,0.824683,0.093272,-0.692638,0.400699,0.599743,0.457223,-0.399171,0.794737,-0.00739,0.005088,-0.012235,0.900069,4.836142,5.663994,-0.974479,0.108241,0.036612,-0.043332,0.810834,0.366357,-0.456432,-0.11432,0.863973,0.490388,0.574002,-0.345443,0.74242,-0.006812,-0.000597,-8.3e-05,-0.000949,0.014694,-0.029581,-1.09227
860,0.216795,-0.005649,0.363554,-0.820264,-0.245837,-0.516504,-0.035479,-0.879368,0.474788,-0.5699,0.408078,0.713241,0.0,-0.0,-0.0,0.0,0.0,0.0,-1.908505,-0.160222,0.021981,0.346989,-0.715807,-0.690407,0.10464,0.595009,-0.524816,0.60866,-0.364399,0.498813,0.786297,-0.041752,0.022903,-0.0288,0.877021,3.58896,4.624728,-1.401608,0.047567,0.05563,-0.006545,0.726195,0.679735,0.102953,-0.596123,0.54799,0.586807,0.342457,-0.487509,0.803154,-0.020955,0.011895,-0.014118,0.956257,3.419503,4.764884,-0.975949,0.108195,0.036609,-0.043332,0.810657,0.36567,-0.457296,-0.113531,0.86435,0.489906,0.574408,-0.345228,0.742207,-2e-06,1.1e-05,8e-06,1.6e-05,-3e-05,-2.7e-05,-1.094066
861,0.216714,-0.005669,0.363532,-0.82012,-0.245536,-0.516876,-0.035821,-0.879495,0.474528,-0.570086,0.407986,0.713145,9.6e-05,-0.00117,-0.000883,0.0,0.0,0.0,-1.908354,-0.161925,0.022783,0.345748,-0.811199,-0.574822,0.107364,0.514857,-0.615289,0.596888,-0.276018,0.540194,0.794901,-0.054544,0.018159,-0.031168,1.145351,4.237884,4.262445,-1.400735,0.046683,0.056051,-0.007184,0.822446,0.558171,0.109662,-0.510848,0.639939,0.574031,0.25023,-0.52813,0.811456,-0.027383,0.009038,-0.015674,1.118711,4.311258,4.208189,-0.989502,0.108154,0.036601,-0.043342,0.810578,0.365362,-0.457682,-0.113194,0.864528,0.489671,0.574586,-0.34511,0.742124,6e-05,-0.000767,-0.000577,1.1e-05,-2.7e-05,-1.8e-05,-1.094392
862,0.216617,-0.005739,0.363471,-0.819903,-0.245087,-0.517431,-0.036339,-0.879678,0.474149,-0.570363,0.40786,0.712996,0.000139,-0.001696,-0.00128,0.006011,-0.089639,0.177445,-1.908373,-0.164055,0.023366,0.344957,-0.882092,-0.45735,0.112855,0.43293,-0.693011,0.576405,-0.184294,0.557874,0.809121,-0.053749,0.015313,-0.017041,0.791283,0.399693,1.107271,-1.398104,0.045619,0.05633,-0.007588,0.891672,0.436575,0.119676,-0.424825,0.715721,0.554315,0.156346,-0.545109,0.823657,-0.026825,0.007793,-0.008343,0.691865,0.443126,1.10118,-1.001422,0.108105,0.036565,-0.043372,0.810483,0.364995,-0.458142,-0.112789,0.864738,0.489394,0.5748,-0.344972,0.742023,8.8e-05,-0.001061,-0.000798,2.1e-05,1.4e-05,-2.5e-05,-1.094392
863,0.216599,-0.005769,0.36345,-0.81977,-0.244811,-0.517774,-0.036668,-0.879785,0.473927,-0.570535,0.407796,0.712895,5.8e-05,-0.00071,-0.000536,0.006011,-0.089639,0.177445,-1.908383,-0.165265,0.023623,0.34467,-0.899021,-0.421752,0.117798,0.409219,-0.713875,0.568204,-0.154412,0.559563,0.814192,-0.066695,0.015076,-0.016178,0.481987,0.892553,1.193144,-1.392025,0.04504,0.056456,-0.007723,0.906467,0.403325,0.125077,-0.402459,0.735493,0.545046,0.127837,-0.544406,0.829022,-0.033497,0.008307,-0.007542,0.983241,3.133285,4.794147,-1.006158,0.108097,0.036548,-0.043385,0.81041,0.364712,-0.458497,-0.112464,0.864893,0.489195,0.574966,-0.344884,0.741935,-0.006788,-0.000917,-0.000329,-0.000969,0.014697,-0.029559,-1.093249
864,0.216548,-0.005772,0.363438,-0.819721,-0.244708,-0.5179,-0.036775,-0.879835,0.473826,-0.570598,0.40775,0.712871,-7e-06,8.2e-05,6.2e-05,0.0,0.0,0.0,-1.908247,-0.168113,0.02397,0.344533,-0.946373,-0.291779,0.138684,0.31891,-0.776451,0.543465,-0.049695,0.558914,0.827652,-0.077862,0.000951,0.006916,1.205639,2.746581,4.256984,-1.378335,0.043591,0.056627,-0.007803,0.950503,0.272055,0.150097,-0.309904,0.795219,0.521138,0.022418,-0.541859,0.840169,-0.039028,0.000824,0.003752,1.253617,2.685141,4.263176,-0.987869,0.108071,0.036546,-0.043391,0.81036,0.364515,-0.458742,-0.112254,0.865009,0.489037,0.575078,-0.344801,0.741887,-6e-06,9.1e-05,7e-05,1.5e-05,-6e-06,-7e-06,-1.093903
865,0.216372,-0.005763,0.363441,-0.819609,-0.244477,-0.518186,-0.037034,-0.879934,0.473621,-0.570742,0.407674,0.7128,-0.013643,-0.001027,-4.8e-05,-0.000984,0.014715,-0.029553,-1.908371,-0.170711,0.023992,0.344967,-0.957067,-0.249535,0.147463,0.289337,-0.796279,0.531186,-0.01392,0.55136,0.83407,-0.063971,-0.00624,0.016756,0.002355,-0.067739,0.004678,-1.378365,0.042293,0.056644,-0.007582,0.960065,0.229867,0.15948,-0.279467,0.814565,0.508311,-0.013063,-0.532582,0.846277,-0.031972,-0.002965,0.00854,-0.066933,-0.040285,0.000252,-1.000932,0.107988,0.036552,-0.043389,0.810294,0.364263,-0.459058,-0.111982,0.865155,0.488841,0.575223,-0.344699,0.741821,-2e-06,1.9e-05,1.6e-05,5e-06,-9e-06,1e-06,-1.093739
866,0.21627,-0.005771,0.36344,-0.81955,-0.244358,-0.518335,-0.037176,-0.87998,0.473524,-0.570817,0.407646,0.712755,-0.013641,-0.001057,-7.2e-05,-0.000984,0.014715,-0.029553,-1.908468,-0.171867,0.023915,0.34521,-0.958184,-0.243917,0.149593,0.285842,-0.798052,0.530416,-0.008786,0.551302,0.834177,-0.050987,-0.008578,0.014011,0.795058,2.898206,4.643439,-1.373254,0.041748,0.056615,-0.007462,0.959604,0.230048,0.161977,-0.280949,0.814309,0.507905,-0.015057,-0.532895,0.846047,-0.025492,-0.004227,0.007096,-0.060702,0.073892,-0.133154,-1.001259,0.107937,0.036548,-0.043389,0.810262,0.364141,-0.459213,-0.111841,0.865222,0.488755,0.575297,-0.34466,0.741782,-0.006822,-0.000531,-3.4e-05,-0.000982,0.0147,-0.029556,-1.094229
867,0.216076,-0.005787,0.363452,-0.819423,-0.244103,-0.518656,-0.037496,-0.880068,0.473336,-0.570978,0.407609,0.712647,-1.2e-05,0.000144,0.000109,0.0,0.0,0.0,-1.908677,-0.173203,0.023669,0.345625,-0.966067,-0.1906,0.174291,0.254484,-0.816193,0.518654,0.044617,0.545647,0.836745,-0.025078,-0.008673,0.011905,1.388903,2.990947,-0.238543,-1.366096,0.041056,0.056493,-0.007251,0.967413,0.172545,0.18531,-0.243787,0.832454,0.497582,-0.068407,-0.526543,0.847391,-0.012708,-0.004058,0.006192,1.091823,3.083593,4.513184,-0.994891,0.10784,0.03654,-0.043383,0.81019,0.363879,-0.459545,-0.111525,0.865356,0.488589,0.575458,-0.3446,0.741685,-1e-05,0.000106,8.4e-05,-1e-06,-1.7e-05,-5e-06,-1.094229
868,0.21583,-0.005804,0.363427,-0.819339,-0.243928,-0.518872,-0.037673,-0.880156,0.473158,-0.571088,0.407522,0.712609,-0.013623,-0.001285,-0.000247,-0.000984,0.014715,-0.029553,-1.908639,-0.174002,0.022853,0.346413,-0.973207,-0.063163,0.221066,0.167961,-0.851508,0.496647,0.158094,0.520549,0.838986,-0.010496,-0.031086,0.027077,0.152521,0.453148,0.507017,-1.357825,0.04065,0.056093,-0.006862,0.970274,0.045205,0.237746,-0.156739,0.865895,0.475034,-0.18439,-0.498177,0.847241,-0.012146,-0.010871,0.009344,0.777324,1.657901,1.558457,-0.993584,0.107717,0.036532,-0.043396,0.810144,0.3637,-0.459769,-0.11135,0.865472,0.488424,0.575557,-0.344499,0.741655,1.1e-05,-0.00015,-0.000111,1.3e-05,-5e-06,-7e-06,-1.093576
869,0.215687,-0.005821,0.363397,-0.819232,-0.243706,-0.519145,-0.037906,-0.880262,0.472942,-0.571225,0.407426,0.712554,0.000132,-0.001678,-0.001267,-0.000871,0.012992,-0.02571,-1.908401,-0.174353,0.022221,0.346946,-0.970369,-0.01723,0.240998,0.136209,-0.862539,0.487247,0.200694,0.505656,0.838987,-0.022687,-0.043279,0.035488,0.094401,0.307538,0.497903,-1.35774,0.04048,0.055782,-0.006598,0.965957,-0.000389,0.258701,-0.124468,0.875951,0.466065,-0.226791,-0.482399,0.846082,-0.005261,-0.015649,0.013493,0.663366,1.357797,1.205294,-0.992278,0.107646,0.036523,-0.043405,0.810084,0.36347,-0.460056,-0.111103,0.865606,0.488244,0.575689,-0.344405,0.741596,1.5e-05,-0.000194,-0.000141,5e-06,-1.4e-05,-4e-06,-1.094066
870,0.215505,-0.005865,0.363411,-0.818943,-0.243125,-0.519871,-0.038643,-0.880453,0.472527,-0.571589,0.40736,0.7123,0.0,-3e-06,-2e-06,0.0,0.0,0.0,-1.908586,-0.174679,0.021258,0.34813,-0.963045,0.057523,0.263111,0.075655,-0.879568,0.469649,0.259649,0.472127,0.842343,-0.011301,-0.010685,0.025665,1.238838,2.017922,-0.689439,-1.35777,0.040313,0.055274,-0.006013,0.957115,-0.074904,0.279855,-0.061971,0.890703,0.450341,-0.283,-0.448371,0.847864,-0.005259,-0.010369,0.017316,0.535038,0.607871,1.699564,-0.991462,0.10755,0.0365,-0.043404,0.809929,0.362891,-0.460786,-0.110409,0.865903,0.487874,0.576041,-0.344269,0.741386,-3e-06,2e-05,1.9e-05,1.5e-05,5e-06,-2e-05,-1.095209
871,0.215495,-0.005858,0.363404,-0.818772,-0.24277,-0.520308,-0.039048,-0.880598,0.472222,-0.571807,0.407257,0.712184,1.1e-05,-0.000142,-0.000107,0.0,0.0,0.0,-1.908565,-0.17539,0.020725,0.349337,-0.94189,0.148681,0.301213,0.002094,-0.893908,0.448171,0.337073,0.422573,0.841235,-0.02426,-0.008389,0.028283,0.778445,1.228705,1.271188,-1.352079,0.039976,0.05502,-0.00542,0.934005,-0.159304,0.319775,0.006831,0.902878,0.42984,-0.357194,-0.399289,0.844382,-0.012138,-0.004048,0.01425,0.189665,0.226468,0.599679,-0.991298,0.107544,0.036504,-0.043407,0.809835,0.362527,-0.461238,-0.110009,0.866109,0.487599,0.57625,-0.344135,0.741286,7e-06,-0.000102,-7.8e-05,-9e-06,-1.7e-05,-2.2e-05,-1.095209
872,0.215496,-0.005876,0.36334,-0.818757,-0.242725,-0.520353,-0.039037,-0.880657,0.472114,-0.57183,0.407157,0.712223,0.000197,-0.002512,-0.001898,-0.000871,0.012993,-0.025709,-1.908393,-0.176551,0.020422,0.350656,-0.909684,0.236479,0.341383,-0.065719,-0.893501,0.444151,0.411199,0.381307,0.827879,-0.036356,-0.014548,0.040946,2.401693,4.750425,3.725899,-1.290338,0.039387,0.054863,-0.004752,0.899904,-0.244956,0.360787,0.074245,0.901313,0.426757,-0.42972,-0.357255,0.829282,-0.018582,-0.00145,0.01656,-0.506721,0.589418,0.585026,-0.975459,0.107545,0.0365,-0.043435,0.809825,0.362469,-0.461301,-0.110006,0.866175,0.487482,0.576264,-0.344029,0.741324,5.6e-05,-0.000701,-0.00053,8e-06,-1.8e-05,-2e-06,-1.096515
873,0.215499,-0.005912,0.363326,-0.818655,-0.242519,-0.520609,-0.039297,-0.880724,0.471966,-0.571958,0.407132,0.712134,7.2e-05,-0.000915,-0.000691,0.0,0.0,0.0,-1.90844,-0.177303,0.020249,0.351451,-0.896226,0.263146,0.357105,-0.081221,-0.888631,0.451301,0.437215,0.375134,0.817301,-0.049262,-0.01255,0.043289,-0.422882,1.044556,0.122655,-1.250817,0.039029,0.054775,-0.004368,0.884501,-0.275446,0.376546,0.094588,0.89622,0.433407,-0.456849,-0.347732,0.818761,-0.018167,-0.00619,0.021232,-0.386022,0.198294,0.453698,-0.952272,0.107547,0.036477,-0.043447,0.809772,0.362271,-0.46155,-0.109764,0.866273,0.487362,0.576385,-0.34399,0.741248,3.5e-05,-0.000444,-0.000335,9e-06,-1.3e-05,-5e-06,-1.096025
874,0.215502,-0.005951,0.36336,-0.818631,-0.242487,-0.520662,-0.039415,-0.880685,0.47203,-0.571984,0.407237,0.712053,-1.8e-05,0.000234,0.000177,0.0,0.0,0.0,-1.908371,-0.17866,0.020159,0.353124,-0.862707,0.316772,0.394188,-0.108676,-0.877283,0.467437,0.494964,0.360026,0.790731,-0.036798,0.007398,0.040128,1.599903,3.766523,4.667161,-1.140226,0.038333,0.054718,-0.003521,0.850253,-0.322382,0.416098,0.11559,0.88556,0.449913,-0.513524,-0.334443,0.790215,-0.018038,-0.001277,0.024613,-0.275187,2.829723,-0.495876,-0.897733,0.107548,0.036456,-0.04343,0.809756,0.362237,-0.461604,-0.109646,0.866249,0.487432,0.57643,-0.344088,0.741168,-1.4e-05,0.000184,0.000136,6e-06,-1.3e-05,-5e-06,-1.094229
875,0.215451,-0.005955,0.36336,-0.818536,-0.242292,-0.520902,-0.039646,-0.880759,0.471872,-0.572104,0.407193,0.711982,-0.0,0.0,0.0,0.0,0.0,0.0,-1.908361,-0.180135,0.019925,0.354628,-0.791206,0.420701,0.443841,-0.174301,-0.850682,0.495876,0.58717,0.31445,0.745799,-0.03698,-0.006858,0.030059,-0.500287,1.650257,2.316713,-1.082526,0.037595,0.054634,-0.002746,0.774268,-0.426577,0.467482,0.183426,0.858243,0.479346,-0.605692,-0.285394,0.742756,-0.024737,-0.009913,0.01916,1.007603,3.90466,5.155567,-0.863605,0.107522,0.036456,-0.043429,0.809703,0.362037,-0.461853,-0.109418,0.866356,0.487291,0.576548,-0.344027,0.741105,-0.006827,-0.000509,-2.3e-05,0.005005,-0.074942,0.147869,-1.095372
876,0.215389,-0.005959,0.363359,-0.818535,-0.242292,-0.520902,-0.039646,-0.880759,0.471872,-0.572105,0.407192,0.711981,-0.013647,-0.001032,-5.9e-05,-0.000984,0.014715,-0.029553,-1.908111,-0.180932,0.019527,0.355338,-0.759747,0.452266,0.467152,-0.185981,-0.839481,0.510507,0.623996,0.300408,0.721282,-0.036312,-0.020248,0.036746,-0.96957,0.780921,0.82054,-1.070155,0.037197,0.054436,-0.002396,0.740062,-0.459417,0.491165,0.196055,0.845969,0.495881,-0.643327,-0.270687,0.716141,-0.01856,-0.005558,0.013563,-0.954113,1.514696,0.554776,-0.868014,0.107497,0.036454,-0.04343,0.809699,0.362021,-0.461873,-0.1094,0.866365,0.48728,0.576557,-0.344022,0.7411,-4e-06,6e-06,7e-06,-1.6e-05,-8e-06,-2.9e-05,-1.094882
877,0.215259,-0.006009,0.363393,-0.81843,-0.242096,-0.52116,-0.03996,-0.880782,0.471803,-0.572234,0.407259,0.711839,-0.013656,-0.000924,2.1e-05,-0.000984,0.014715,-0.029553,-1.908499,-0.182054,0.018983,0.356752,-0.691297,0.517432,0.504344,-0.225778,-0.817615,0.529589,0.687243,0.251585,0.68137,-0.0233,-0.017288,0.03783,2.175441,4.140907,3.512016,-1.06063,0.036631,0.054154,-0.001696,0.672729,-0.519013,0.527314,0.231431,0.82454,0.516307,-0.702762,-0.225298,0.674807,-0.012015,-0.002656,0.015064,-0.324212,2.719702,-1.363726,-0.899039,0.107431,0.036433,-0.043416,0.809635,0.361807,-0.462152,-0.109091,0.866446,0.487205,0.576704,-0.344042,0.740976,-8e-06,8e-05,6.3e-05,1.4e-05,-1.3e-05,-6e-06,-1.095209
878,0.215162,-0.006088,0.363465,-0.818272,-0.241808,-0.52154,-0.040461,-0.880788,0.47175,-0.572423,0.407418,0.711596,-0.0,2e-06,2e-06,0.0,0.0,0.0,-1.908736,-0.182708,0.01802,0.357914,-0.589241,0.612863,0.526484,-0.293045,-0.76926,0.567712,0.75366,0.179468,0.632179,-0.010089,-0.041147,0.0365,1.465821,4.52284,4.104379,-1.059778,0.0363,0.053694,-0.001105,0.56997,-0.61072,0.549686,0.297663,0.77702,0.554649,-0.765852,-0.152512,0.624667,-0.005456,-0.016283,0.013227,-1.030454,1.531337,0.562021,-0.929085,0.107378,0.03639,-0.043376,0.809548,0.361537,-0.462515,-0.108608,0.866497,0.487223,0.576918,-0.344198,0.740737,-1e-06,-7e-06,-3e-06,5e-06,1e-06,-2.3e-05,-1.095535
879,0.215032,-0.00614,0.363535,-0.817267,-0.240589,-0.523676,-0.041499,-0.881792,0.46978,-0.573782,0.405962,0.711334,-4e-06,5.1e-05,3.9e-05,0.0,-0.0,0.0,-1.90839,-0.18226,0.016697,0.359159,-0.498105,0.673206,0.546512,-0.317022,-0.727912,0.607927,0.807684,0.128712,0.575277,0.041146,-0.025839,0.027377,-0.98345,0.958688,0.234019,-1.060854,0.036504,0.05301,-0.00049,0.471043,-0.673401,0.56978,0.323429,0.732791,0.598674,-0.820677,-0.097717,0.562973,0.014405,-0.018716,0.018167,-1.104273,1.095794,0.478829,-0.961253,0.107313,0.036364,-0.043341,0.808847,0.360238,-0.464751,-0.107586,0.86769,0.485322,0.578092,-0.34255,0.740586,0.000378,-0.005217,0.004523,-0.037175,0.009528,-0.022938,-1.096025
880,0.214982,-0.006167,0.363555,-0.817227,-0.240519,-0.52377,-0.041631,-0.881787,0.469776,-0.57383,0.406013,0.711266,-0.0,1e-06,1e-06,0.0,-0.0,0.0,-1.908565,-0.181533,0.016218,0.359595,-0.463061,0.692822,0.552778,-0.319472,-0.712114,0.625113,0.827298,0.112001,0.550361,0.04036,-0.019218,0.015954,2.183477,4.269395,3.40541,-1.058254,0.036883,0.052769,-0.000257,0.436251,-0.691289,0.576024,0.323721,0.717863,0.616342,-0.839577,-0.082409,0.536953,0.020249,-0.009798,0.007747,2.231815,4.232049,3.39001,-0.975132,0.107288,0.03635,-0.043331,0.808829,0.360175,-0.464832,-0.107461,0.867694,0.485344,0.578141,-0.342609,0.740521,1e-06,-1.5e-05,-9e-06,-0.000158,0.000245,-0.000277,-1.095535
881,0.214971,-0.006301,0.363658,-0.817181,-0.240475,-0.523863,-0.041939,-0.881639,0.470028,-0.573874,0.406363,0.711032,0.000757,-0.010449,0.00903,-0.029681,-0.081578,0.156642,-1.908432,-0.179853,0.015727,0.359602,-0.391293,0.727839,0.563145,-0.337887,-0.682719,0.647812,0.856447,0.062294,0.512329,0.039471,-0.018903,0.000161,-0.469534,0.556334,-0.054211,-1.006341,0.037693,0.052542,-0.000244,0.362382,-0.725206,0.585452,0.34283,0.687827,0.639813,-0.866686,-0.031146,0.497879,0.019344,-0.004304,-0.004393,-0.489223,0.755251,0.110178,-0.962722,0.107282,0.036287,-0.043283,0.808818,0.360208,-0.464824,-0.10726,0.867545,0.485653,0.578192,-0.342949,0.740323,0.0,-0.0,1e-06,-1e-06,1.9e-05,-4.4e-05,-1.093739
882,0.21499,-0.006419,0.363784,-0.817185,-0.240538,-0.523827,-0.042137,-0.881439,0.470385,-0.573852,0.406758,0.710822,0.000752,-0.010388,0.009077,-0.035672,0.007861,-0.020905,-1.908529,-0.178348,0.015517,0.359007,-0.375299,0.72892,0.572555,-0.338523,-0.682721,0.647478,0.863308,0.048262,0.502228,0.038007,-0.000322,-0.019123,0.258739,-0.067684,-0.406611,-0.932612,0.038451,0.052419,-0.000536,0.34482,-0.726362,0.594555,0.343029,0.687104,0.640483,-0.873744,-0.016902,0.486091,0.019005,2.9e-05,-0.00945,0.594471,-0.322322,-0.567055,-0.926145,0.107292,0.036228,-0.04322,0.808788,0.360178,-0.464901,-0.106955,0.867415,0.485954,0.578292,-0.343311,0.740078,-4e-06,2.9e-05,2.1e-05,4e-06,-5e-06,-2.5e-05,-1.093413
883,0.214991,-0.006442,0.363792,-0.817112,-0.240393,-0.524008,-0.042339,-0.881472,0.470304,-0.573943,0.406771,0.710742,3.4e-05,-0.000448,-0.000339,0.0,0.0,0.0,-1.908103,-0.177824,0.015626,0.358632,-0.380633,0.723715,0.575627,-0.341463,-0.688387,0.639891,0.859814,0.046103,0.508388,0.024311,0.013005,-0.024998,0.583753,-0.417293,-0.409987,-0.891593,0.038727,0.052461,-0.000733,0.350141,-0.720999,0.597964,0.346187,0.692784,0.632617,-0.870376,-0.014498,0.492172,0.012544,0.001103,-0.008233,0.654278,-0.513176,-0.496878,-0.913082,0.107293,0.036213,-0.043212,0.808748,0.360041,-0.465076,-0.106751,0.867462,0.485914,0.578386,-0.343334,0.739993,1.9e-05,-0.000259,-0.000196,2.5e-05,-1e-06,-1.2e-05,-1.092923
884,0.215026,-0.006489,0.363755,-0.816061,-0.239057,-0.526253,-0.043377,-0.882597,0.468095,-0.575357,0.405114,0.710545,0.000102,-0.001322,-0.000999,0.0,-0.0,0.0,-1.908234,-0.176839,0.015925,0.358029,-0.392585,0.722746,0.568776,-0.350267,-0.689211,0.63422,0.850863,0.048858,0.52298,0.025913,-0.005265,-0.005586,0.044669,-0.05674,0.009739,-0.827751,0.039219,0.052616,-0.001044,0.365018,-0.719269,0.591111,0.356495,0.694513,0.624949,-0.860042,-0.01739,0.509925,0.012585,0.003295,-0.006724,-0.018285,0.082271,-0.122001,-0.890385,0.10731,0.036191,-0.04323,0.80803,0.358631,-0.467409,-0.105738,0.868771,0.483793,0.579574,-0.341496,0.739913,7.6e-05,-0.001003,-0.000759,-0.000227,0.000255,-0.000333,-1.093902
885,0.215204,-0.006525,0.363719,-0.815981,-0.238892,-0.526451,-0.04357,-0.882658,0.467962,-0.575455,0.405078,0.710486,0.013693,0.000589,-0.000275,0.000984,-0.014715,0.029553,-1.908556,-0.175992,0.015745,0.357851,-0.401103,0.72071,0.565406,-0.355897,-0.691249,0.628845,0.844539,0.050103,0.533017,0.012954,-0.004355,-0.003998,0.1933,-0.179492,-0.110835,-0.807821,0.039647,0.052526,-0.001133,0.372885,-0.717769,0.588015,0.361468,0.696027,0.620392,-0.854573,-0.018786,0.518989,0.006488,-0.00167,-0.001662,0.268054,-0.255169,-0.125388,-0.904428,0.107394,0.036169,-0.043251,0.807991,0.358479,-0.467592,-0.105566,0.86885,0.483688,0.57966,-0.341453,0.739866,1.8e-05,-0.00022,-0.000169,1.7e-05,1.5e-05,-1.8e-05,-1.094882
886,0.215697,-0.006506,0.363668,-0.815211,-0.244248,-0.525185,-0.038216,-0.88211,0.469461,-0.576924,0.403079,0.710431,0.013752,-0.000135,-0.000826,0.000984,-0.014715,0.029553,-1.908764,-0.175636,0.015457,0.357938,-0.412971,0.715598,0.563352,-0.36274,-0.696518,0.619045,0.835875,0.050403,0.546476,0.013784,-0.012834,0.006168,0.232334,-0.25115,-0.147677,-0.781796,0.039825,0.052384,-0.001094,0.385262,-0.712831,0.58604,0.368858,0.701079,0.610271,-0.845881,-0.018948,0.533033,0.000386,-0.006803,0.003297,0.291543,-0.383298,-0.036466,-0.92092,0.107635,0.036181,-0.043274,0.80643,0.363695,-0.466256,-0.110923,0.867532,0.484853,0.580831,-0.339281,0.739947,0.006899,-0.00035,-0.000634,0.002201,-0.016342,0.031646,-1.094229
887,0.216037,-0.006502,0.363666,-0.815966,-0.244994,-0.523662,-0.037894,-0.881191,0.471208,-0.575877,0.404634,0.710397,0.013734,0.000116,-0.000639,-0.034835,0.024451,-0.022836,-1.908801,-0.175476,0.015193,0.358033,-0.421496,0.713574,0.559592,-0.367696,-0.698463,0.613908,0.829437,0.052108,0.55604,0.00077,-0.013956,0.006366,0.279815,-0.281695,-0.206132,-0.773986,0.039905,0.052264,-0.001051,0.39353,-0.711295,0.582402,0.373709,0.702589,0.605565,-0.839925,-0.020659,0.542308,0.000378,-0.007567,0.002766,0.467037,-0.425896,-0.335462,-0.923859,0.10781,0.036182,-0.043276,0.806973,0.364469,-0.464711,-0.111199,0.866555,0.486534,0.580024,-0.340945,0.739815,0.013705,0.000479,-0.000375,-0.127404,0.111777,-0.128688,-1.093413
888,0.216782,-0.006405,0.363647,-0.818013,-0.24338,-0.521216,-0.038248,-0.881099,0.471351,-0.572945,0.405805,0.712097,0.013656,0.001074,8e-05,-0.002516,0.01656,0.023448,-1.908464,-0.175175,0.014622,0.358569,-0.433986,0.71043,0.554019,-0.37419,-0.701434,0.606552,0.820051,0.055038,0.569518,0.001666,-0.014276,0.022235,0.092859,-0.411811,0.247429,-0.772306,0.040061,0.051948,-0.000786,0.407152,-0.708096,0.576911,0.380679,0.705719,0.597531,-0.830246,-0.023668,0.556892,0.000829,-0.006673,0.011435,0.030048,-0.386702,0.284137,-0.946393,0.108183,0.03623,-0.043286,0.809185,0.36304,-0.461975,-0.110978,0.866553,0.486589,0.576977,-0.342471,0.741491,0.013655,0.00109,8.2e-05,-0.045897,0.012681,0.018819,-1.093413
889,0.217428,-0.006364,0.363579,-0.822388,-0.240802,-0.515498,-0.038232,-0.88062,0.472248,-0.566655,0.408374,0.715653,0.027507,-0.000137,-0.00158,0.015497,0.023285,0.052303,-1.90866,-0.174999,0.01418,0.359761,-0.447067,0.709035,0.545337,-0.380496,-0.702387,0.601507,0.810074,0.060528,0.583079,0.00176,-0.002178,0.030608,0.137398,-0.210009,-0.08131,-0.773057,0.040148,0.051728,-0.000219,0.420023,-0.707271,0.568636,0.386826,0.706345,0.592825,-0.820942,-0.029036,0.570272,0.000861,-0.001548,0.014986,0.218597,-0.271118,-0.157199,-0.964029,0.108501,0.036255,-0.043316,0.813569,0.360875,-0.455931,-0.11102,0.866085,0.487413,0.57077,-0.345927,0.744684,0.006876,-2.8e-05,-0.000401,-0.008934,-0.00108,0.056983,-1.093576
890,0.217887,-0.00643,0.363568,-0.822106,-0.24307,-0.514882,-0.034154,-0.881646,0.470645,-0.567323,0.404803,0.717152,0.027681,-0.002063,-0.003047,0.015223,0.021541,0.05202,-1.908688,-0.174955,0.014063,0.360498,-0.452946,0.707053,0.543053,-0.382952,-0.70426,0.597745,0.805643,0.061899,0.589042,0.002602,-0.007933,0.042642,0.141694,-0.321829,0.057967,-0.77387,0.04017,0.051667,0.00016,0.426017,-0.705458,0.566425,0.389324,0.708097,0.589087,-0.81666,-0.030438,0.576313,0.000879,0.001565,0.017116,0.209499,-0.276325,-0.12325,-0.965498,0.10873,0.036225,-0.043319,0.812922,0.363037,-0.455368,-0.115033,0.866613,0.485539,0.570897,-0.342323,0.746251,0.013817,-0.000736,-0.001314,-0.00773,-0.011714,0.082206,-1.093903
891,0.2191,-0.006616,0.363525,-0.826364,-0.243273,-0.507923,-0.029724,-0.881825,0.47061,-0.56136,0.404291,0.722116,0.041294,3.9e-05,-0.00223,0.078653,0.160481,0.188929,-1.909072,-0.174937,0.01419,0.362175,-0.462687,0.703827,0.539016,-0.386674,-0.707248,0.591792,0.798305,0.06451,0.598674,0.00268,0.003367,0.050205,0.082584,-0.194184,-0.060999,-0.781198,0.040179,0.051726,0.000995,0.43605,-0.702556,0.562382,0.393273,0.710857,0.58311,-0.809441,-0.033095,0.586266,-0.005579,0.00717,0.021348,0.135512,-0.210461,-0.086018,-0.968601,0.109331,0.036125,-0.043346,0.81631,0.364183,-0.448338,-0.119696,0.865997,0.48551,0.565074,-0.342663,0.750514,0.013837,-0.0008,-0.00138,0.110811,0.245197,0.157694,-1.094882
892,0.220754,-0.00654,0.363629,-0.836528,-0.236633,-0.494237,-0.029841,-0.880973,0.472196,-0.546108,0.410043,0.730519,0.040744,0.006108,0.002339,0.230833,0.668452,0.246466,-1.909099,-0.17526,0.014452,0.364092,-0.479251,0.699718,0.529815,-0.393874,-0.710817,0.582698,0.784914,0.069703,0.61556,-0.010264,0.001643,0.049742,0.191043,-0.28003,-0.152477,-0.796815,0.040027,0.051876,0.001948,0.452697,-0.69918,0.553363,0.400868,0.71393,0.574115,-0.796473,-0.038074,0.603473,-0.005163,0.000908,0.024942,0.314799,-0.377748,-0.250807,-0.980194,0.110144,0.036152,-0.043301,0.825237,0.360148,-0.435059,-0.12003,0.864547,0.488006,0.551884,-0.350501,0.756685,0.027228,0.003357,0.000988,0.024127,0.185714,0.023249,-1.094719
893,0.222741,-0.00637,0.363757,-0.848686,-0.228986,-0.476805,-0.029487,-0.879586,0.474795,-0.527058,0.417292,0.740341,0.055281,-0.003544,0.011146,-0.219138,1.038085,-0.1067,-1.909073,-0.175663,0.014208,0.366026,-0.504115,0.686893,0.523487,-0.397575,-0.722569,0.565476,0.767298,0.07608,0.636656,-0.009485,-0.015522,0.053979,-2.60492,-3.505356,-3.789725,-0.824728,0.039825,0.051773,0.002922,0.473449,-0.690162,0.547285,0.409211,0.722556,0.557188,-0.779994,-0.039845,0.624515,-0.004773,-0.007389,0.027248,0.542844,-0.678827,-0.21794,-1.001912,0.111126,0.036245,-0.043236,0.83671,0.352539,-0.419085,-0.119546,0.864369,0.488441,0.534439,-0.358583,0.76537,0.027272,0.002833,0.000557,0.047003,0.215763,0.062038,-1.091943
894,0.223829,-0.006302,0.363809,-0.854386,-0.225002,-0.468449,-0.029201,-0.87924,0.475454,-0.517796,0.420175,0.74523,0.054583,0.005325,0.000885,0.120595,0.376946,0.10394,-1.909513,-0.175949,0.014046,0.366929,-0.513447,0.683,0.519495,-0.401478,-0.726138,0.558098,0.759039,0.077133,0.646354,-0.010261,-0.004866,0.04517,0.30238,-0.451772,-0.056824,-0.829538,0.039679,0.051683,0.003391,0.487644,-0.683313,0.543402,0.409168,0.728709,0.549147,-0.771222,-0.045446,0.63494,-0.011626,-0.00295,0.022728,0.367087,-0.500359,-0.125821,-1.010893,0.111691,0.036282,-0.043203,0.844156,0.348702,-0.407193,-0.120238,0.863351,0.490068,0.522439,-0.364734,0.77073,0.034552,-0.001928,0.005004,0.102429,0.432363,0.144473,-1.085248
895,0.226146,-0.006125,0.363869,-0.867862,-0.213315,-0.448728,-0.028432,-0.880381,0.473384,-0.494954,0.423851,0.75855,0.054582,0.005373,0.000851,0.128552,0.380914,0.111908,-1.909157,-0.176696,0.013991,0.368482,-0.528192,0.677749,0.511528,-0.408465,-0.730839,0.546777,0.745075,0.079015,0.662181,-0.024721,0.011659,0.025294,0.19065,-0.275617,0.029336,-0.851393,0.039314,0.051652,0.004165,0.502787,-0.678392,0.535712,0.416195,0.733166,0.537819,-0.757619,-0.047448,0.65097,-0.011995,0.000917,0.017322,0.21212,-0.253002,-0.178415,-1.02167,0.112829,0.036367,-0.043174,0.857724,0.33835,-0.387076,-0.120823,0.864481,0.487926,0.49971,-0.371739,0.782367,0.027291,0.002666,0.000375,0.192376,0.526145,0.186815,-1.082309
896,0.228121,-0.005935,0.363931,-0.878572,-0.203085,-0.432334,-0.027003,-0.882589,0.469341,-0.475798,0.424272,0.770479,0.054551,0.005649,0.001,0.152004,0.43515,0.138322,-1.909872,-0.177557,0.014185,0.369456,-0.529411,0.676024,0.51255,-0.40797,-0.732486,0.54494,0.744482,0.078546,0.662903,-0.024735,0.004945,0.020817,-0.038084,0.026407,-0.051936,-0.885063,0.03888,0.051757,0.004669,0.504045,-0.676806,0.536536,0.415552,0.734635,0.536309,-0.757136,-0.047365,0.651538,-0.012385,0.0027,0.010571,-0.050007,0.024154,-0.018077,-1.0202,0.113837,0.036464,-0.043142,0.868571,0.329316,-0.370318,-0.122131,0.866463,0.484072,0.480279,-0.375224,0.792804,0.020457,0.002105,0.000331,0.213331,0.655328,-0.035034,-1.07937
897,0.229036,-0.005894,0.363994,-0.881453,-0.200219,-0.427785,-0.026496,-0.88336,0.467917,-0.470479,0.424026,0.773873,0.041844,-0.006113,0.009831,0.061415,0.31261,0.016866,-1.909953,-0.178066,0.014327,0.369763,-0.530649,0.677956,0.508703,-0.408269,-0.730307,0.547634,0.743436,0.082066,0.66365,-0.024752,0.001815,0.018754,-0.62864,-1.816962,1.920717,-0.925846,0.038616,0.051829,0.00483,0.504997,-0.678474,0.533525,0.415519,0.732895,0.538709,-0.756519,-0.050357,0.652029,-0.012424,0.000547,0.009152,-0.627229,-1.812964,1.923269,-1.026079,0.114299,0.036489,-0.043114,0.871766,0.326251,-0.365489,-0.122335,0.867346,0.482436,0.474401,-0.375859,0.796035,0.020454,0.002142,0.000351,0.125978,0.362907,0.059141,-1.083289
898,0.23063,-0.005948,0.364262,-0.884508,-0.197,-0.422944,-0.027215,-0.883204,0.468169,-0.464676,0.42585,0.776373,0.028055,-0.006094,0.010653,0.039743,0.16848,0.130781,-1.909243,-0.179118,0.014679,0.370105,-0.537399,0.675893,0.504344,-0.410597,-0.731968,0.543661,0.737285,0.084235,0.670208,-0.012668,0.009048,0.006777,0.327658,-0.298861,-0.186478,-0.999661,0.038089,0.052001,0.004998,0.511214,-0.677571,0.528731,0.418005,0.733549,0.535889,-0.750953,-0.052941,0.658229,-0.006346,0.004282,0.003251,0.446331,-0.374063,-0.224607,-1.026242,0.115086,0.036461,-0.042987,0.874747,0.323654,-0.360644,-0.121655,0.867085,0.483075,0.469058,-0.378695,0.797855,0.020331,0.003162,0.001112,0.156236,0.253025,0.239808,-1.08982
899,0.231702,-0.006087,0.364688,-0.885271,-0.197174,-0.421263,-0.028463,-0.881078,0.472083,-0.463149,0.430153,0.774912,0.014106,-0.005005,0.012316,-1.610353,1.350628,-1.555176,-1.909698,-0.1797,0.01476,0.370436,-0.542901,0.671997,0.503656,-0.412017,-0.73563,0.53761,0.732448,0.083513,0.67558,-0.012012,-0.006649,0.012306,0.045299,-0.051641,-0.09441,-1.071755,0.037803,0.052045,0.00516,0.517746,-0.673376,0.527733,0.420148,0.737464,0.528792,-0.745261,-0.052054,0.664737,-0.00601,-0.00325,0.006213,0.017341,0.035636,-0.242409,-1.026406,0.115644,0.036388,-0.042772,0.875201,0.32232,-0.360738,-0.119287,0.866463,0.484779,0.468821,-0.381248,0.796778,0.013806,-0.001298,0.006628,-0.03143,-0.041856,0.059543,-1.092596
900,0.232007,-0.006174,0.364947,-0.885008,-0.19664,-0.422064,-0.029536,-0.880956,0.472246,-0.463583,0.430647,0.774377,0.014049,-0.004549,0.01266,-0.028622,-0.096862,0.185911,-1.909753,-0.179903,0.014552,0.370694,-0.546561,0.669284,0.50331,-0.41248,-0.73812,0.533829,0.729463,0.083328,0.678826,-0.012076,-0.009484,0.010481,0.067093,0.009351,-0.289014,-1.138315,0.037702,0.051943,0.005291,0.521363,-0.67091,0.527312,0.42078,0.739719,0.525128,-0.742377,-0.0519,0.667968,-0.005681,-0.010224,0.009551,0.047934,-0.081768,-0.138489,-1.022813,0.115801,0.036344,-0.042637,0.875503,0.322812,-0.359562,-0.119019,0.865247,0.487011,0.468324,-0.383585,0.795948,0.007002,-0.00215,0.006406,-0.025973,-0.10063,0.182766,-1.093249
901,0.232046,-0.006429,0.3654,-0.886981,-0.191845,-0.420124,-0.03214,-0.881845,0.470413,-0.459629,0.430985,0.776544,-0.012925,-0.00985,0.010342,0.128864,0.460465,0.161263,-1.908484,-0.180078,0.013804,0.371251,-0.557453,0.662354,0.500525,-0.414975,-0.744375,0.523103,0.719748,0.083072,0.689148,0.014283,-0.022927,0.015656,0.228294,-0.272151,-0.174545,-1.258816,0.037604,0.05157,0.005565,0.53214,-0.664387,0.5248,0.423562,0.745613,0.514446,-0.73309,-0.051471,0.67818,0.000325,-0.006692,0.00353,0.347853,-0.339404,-0.226153,-1.01073,0.115825,0.036226,-0.04241,0.876879,0.320048,-0.358679,-0.117174,0.865945,0.486219,0.46621,-0.384327,0.796831,-0.000155,0.001156,0.000873,0.184667,0.409635,0.427682,-1.092433
902,0.231605,-0.006723,0.365729,-0.888874,-0.186843,-0.418375,-0.034878,-0.882884,0.468264,-0.455765,0.431047,0.778783,-0.013877,0.000405,0.001152,0.033861,0.003793,0.18589,-1.908692,-0.180015,0.012919,0.371881,-0.56762,0.654968,0.498814,-0.417203,-0.751057,0.511654,0.710458,0.081499,0.698906,0.001445,-0.022431,0.016928,0.139169,-0.257075,0.028061,-1.299714,0.037641,0.051122,0.005875,0.542731,-0.65705,0.52319,0.426004,0.752189,0.502724,-0.723853,-0.049963,0.688142,-0.005728,-0.011487,0.008753,0.167458,-0.189626,-0.197846,-1.022323,0.1156,0.036073,-0.042244,0.880445,0.31371,-0.355528,-0.114175,0.868038,0.48319,0.460194,-0.38483,0.800079,-0.006943,0.000194,0.000572,0.006406,-0.025664,0.189103,-1.09227
903,0.231288,-0.006998,0.365999,-0.889652,-0.184007,-0.417979,-0.036897,-0.883326,0.467274,-0.454088,0.431358,0.77959,0.0008,-0.00912,0.010052,-0.029032,-0.079835,0.157482,-1.908714,-0.180132,0.012429,0.372376,-0.570569,0.651844,0.499541,-0.41709,-0.753885,0.50757,0.708161,0.080435,0.701357,8.3e-05,0.003616,0.00233,0.032042,-0.041377,0.008766,-1.318353,0.037587,0.050863,0.006119,0.546018,-0.65389,0.523728,0.426063,0.754999,0.498443,-0.721341,-0.049018,0.690841,0.000397,-0.003604,0.005529,-0.031069,-0.005107,-0.027738,-1.015955,0.115441,0.035939,-0.042113,0.881546,0.310982,-0.355198,-0.112031,0.868694,0.482513,0.458611,-0.385564,0.800633,0.000379,-0.004437,0.005122,-0.043929,-0.004102,-0.021955,-1.094066
904,0.23131,-0.007129,0.366128,-0.890584,-0.181495,-0.41709,-0.03825,-0.88386,0.466154,-0.452148,0.431324,0.780736,0.000937,-0.010214,0.009226,-0.029324,0.023169,-0.013574,-1.908988,-0.180179,0.01239,0.372544,-0.570584,0.651568,0.499884,-0.41655,-0.754102,0.507691,0.708466,0.080639,0.701025,0.000122,0.005312,0.00342,0.002304,-0.01373,0.025241,-1.324077,0.037559,0.05084,0.006207,0.545875,-0.653658,0.524166,0.425328,0.755179,0.498798,-0.721883,-0.049339,0.690253,0.000417,-0.002821,0.006034,-0.057529,0.108943,-0.190038,-1.014975,0.115451,0.035875,-0.042047,0.88276,0.308533,-0.354319,-0.110688,0.8695,0.481369,0.456598,-0.385714,0.801711,-7e-06,2.1e-05,1.7e-05,-0.011556,-0.00242,0.010304,-1.09276
905,0.231473,-0.00733,0.36631,-0.892492,-0.17658,-0.415119,-0.040697,-0.88498,0.463816,-0.448164,0.431061,0.783174,0.013646,0.001497,0.000289,0.024424,0.04851,0.059898,-1.908832,-0.18034,0.012543,0.372808,-0.570678,0.650129,0.501648,-0.415055,-0.755378,0.507019,0.709269,0.08032,0.70025,-0.012713,0.006438,0.005061,-0.00026,0.001968,-0.003711,-1.326343,0.037483,0.050917,0.006339,0.545863,-0.652254,0.525924,0.423882,0.756414,0.498156,-0.722742,-0.048995,0.689378,-0.006376,0.002681,0.002187,-0.013678,0.10753,-0.204251,-1.013016,0.115528,0.035768,-0.041954,0.885155,0.304032,-0.352227,-0.108467,0.870969,0.479215,0.452476,-0.385975,0.80392,0.000476,-0.005194,0.004547,-0.029833,0.057197,0.017024,-1.089657
906,0.231872,-0.007514,0.366529,-0.894378,-0.171692,-0.413105,-0.043161,-0.88604,0.461565,-0.444164,0.430852,0.785565,0.013646,0.001525,0.000307,0.028347,0.059372,0.065045,-1.909605,-0.180571,0.012637,0.373015,-0.573172,0.648826,0.50049,-0.41478,-0.756372,0.505759,0.707417,0.081483,0.701986,0.000852,-0.005509,0.01214,0.013669,-0.048535,-0.019897,-1.326719,0.037363,0.050974,0.006444,0.548466,-0.651056,0.5247,0.423885,0.75738,0.496685,-0.720767,-0.050002,0.69137,-0.006384,0.001993,0.001744,0.037421,-0.025528,-0.056341,-1.013016,0.115728,0.035676,-0.041844,0.887532,0.299426,-0.350186,-0.106049,0.872393,0.477161,0.448375,-0.386359,0.806031,0.0073,-0.004419,0.004709,-0.02157,0.058141,0.052519,-1.089331
907,0.232134,-0.007665,0.366692,-0.89637,-0.167104,-0.41066,-0.045147,-0.887075,0.459381,-0.439937,0.430519,0.788122,0.014611,-0.00881,0.009446,0.10026,0.254012,0.353779,-1.90974,-0.180662,0.012631,0.373113,-0.575594,0.648583,0.498019,-0.41548,-0.756411,0.505126,0.705037,0.08302,0.704197,-0.012793,0.002633,0.002611,0.397402,-0.363064,-0.251472,-1.327053,0.037322,0.050971,0.006498,0.549086,-0.651914,0.522983,0.42367,0.756508,0.498194,-0.720421,-0.051979,0.691585,3.5e-05,0.00153,0.000985,-0.006833,-0.006456,0.028332,-1.012036,0.115859,0.035604,-0.041766,0.889356,0.296224,-0.348276,-0.104607,0.87336,0.475708,0.445087,-0.386642,0.807715,0.007302,-0.004411,0.004714,0.191329,0.489636,0.199475,-1.088514
908,0.232559,-0.008008,0.367031,-0.901527,-0.156328,-0.403554,-0.049139,-0.889516,0.454222,-0.428856,0.429513,0.79475,0.014619,-0.008786,0.009465,0.152337,0.499017,0.249843,-1.909721,-0.180839,0.012346,0.373308,-0.579206,0.645893,0.497327,-0.415821,-0.758737,0.501343,0.701873,0.082775,0.707379,0.000675,-0.012628,0.00758,-0.000167,-0.024135,-0.038745,-1.329935,0.037229,0.050837,0.006596,0.554763,-0.648279,0.521509,0.42516,0.759675,0.492069,-0.715175,-0.051257,0.697062,-0.006473,-0.001565,-0.000537,-0.000517,0.002969,-0.041105,-1.006648,0.116071,0.035437,-0.0416,0.894991,0.286764,-0.341694,-0.100854,0.876236,0.471209,0.434531,-0.387266,0.813145,0.007303,-0.00439,0.004728,-0.04093,0.047533,0.065497,-1.088351
909,0.232961,-0.008331,0.367386,-0.903494,-0.152044,-0.400781,-0.051103,-0.890148,0.452765,-0.424472,0.429736,0.79698,0.0146,-0.008563,0.009635,-0.02892,0.006784,0.015091,-1.909591,-0.181087,0.011957,0.373585,-0.582821,0.643033,0.49681,-0.415772,-0.761172,0.49768,0.698906,0.082696,0.710321,-0.012157,-0.010944,0.009589,0.054353,-0.062681,-0.099661,-1.330524,0.037109,0.050635,0.006729,0.55819,-0.645668,0.52109,0.42513,0.761897,0.488647,-0.712521,-0.051227,0.699777,0.000354,-0.005378,0.004397,0.073759,-0.094443,-0.080188,-0.998156,0.116272,0.035271,-0.041419,0.898549,0.280482,-0.337547,-0.097864,0.877814,0.468897,0.427821,-0.388293,0.816209,0.007293,-0.004261,0.004823,-0.054977,-0.023907,0.017746,-1.085575
910,0.233493,-0.008621,0.367809,-0.904259,-0.149507,-0.40001,-0.052975,-0.890246,0.452358,-0.422615,0.430421,0.797597,0.000632,-0.007708,0.011142,-0.03195,0.001035,0.007692,-1.909502,-0.181468,0.011558,0.373922,-0.588229,0.638847,0.495835,-0.416061,-0.764734,0.491946,0.69419,0.082281,0.714978,-0.012187,-0.011628,0.009156,0.058882,-0.06739,-0.102259,-1.331952,0.036919,0.050438,0.006899,0.563839,-0.641577,0.52006,0.425696,0.765376,0.482682,-0.70772,-0.050767,0.704665,-0.006102,-0.005955,0.004493,0.069392,-0.161903,0.069716,-0.999299,0.116544,0.035123,-0.041211,0.899514,0.278166,-0.336891,-0.096007,0.878119,0.468708,0.426209,-0.389266,0.816587,0.007213,-0.003628,0.005306,-0.04549,-0.018686,0.011474,-1.09178
911,0.233705,-0.008695,0.367982,-0.905066,-0.146914,-0.399145,-0.054478,-0.89072,0.451245,-0.420697,0.43033,0.79866,0.000596,-0.007422,0.011359,-0.02549,0.033539,-0.0088,-1.909538,-0.181693,0.011429,0.374022,-0.590025,0.637484,0.495455,-0.416212,-0.765889,0.490016,0.692574,0.082112,0.716563,-0.012903,-0.000875,0.00036,0.056121,-0.040271,-0.061852,-1.333193,0.036802,0.050368,0.006952,0.565793,-0.640166,0.519678,0.425865,0.766566,0.48064,-0.706057,-0.05063,0.706341,-0.006457,-0.000453,0.000179,0.020478,-0.015656,-0.05141,-1.001585,0.11665,0.035086,-0.041124,0.900606,0.275735,-0.335973,-0.094611,0.878834,0.467652,0.424213,-0.389383,0.817571,0.007083,-0.00263,0.006061,-0.041736,-0.013154,0.050433,-1.095699
912,0.234013,-0.008719,0.368237,-0.90673,-0.141832,-0.397201,-0.057162,-0.891789,0.448795,-0.416747,0.429813,0.801006,0.014207,-0.005489,0.011958,-0.026406,-0.001139,0.043161,-1.909689,-0.182177,0.011289,0.374168,-0.591878,0.635399,0.495924,-0.415666,-0.767662,0.4877,0.691321,0.081727,0.717816,-0.012874,0.000246,0.001078,-0.001064,0.014267,-0.029796,-1.33644,0.036565,0.050296,0.007023,0.567565,-0.638166,0.520206,0.425232,0.768249,0.478509,-0.705015,-0.050376,0.7074,-0.006439,0.000204,0.000598,-0.013584,0.023838,-0.025231,-0.995544,0.116799,0.035075,-0.040996,0.902824,0.270894,-0.333952,-0.091985,0.880305,0.465404,0.420055,-0.389459,0.819679,-0.000147,0.00107,0.000803,-0.013097,-0.002973,0.012972,-1.097821
913,0.234336,-0.008765,0.368411,-0.906454,-0.141211,-0.398052,-0.058208,-0.891735,0.448768,-0.417202,0.430128,0.800599,-7.7e-05,0.000578,0.000437,2e-06,5e-06,2e-06,-1.909406,-0.182561,0.011283,0.374227,-0.594294,0.635008,0.493528,-0.416261,-0.76783,0.486927,0.688886,0.083149,0.71999,-0.012851,0.000956,0.001531,0.038645,-0.023841,-0.052151,-1.337204,0.036372,0.050292,0.007052,0.570048,-0.637909,0.517799,0.425976,0.768373,0.477647,-0.702558,-0.051711,0.709743,2e-05,0.000732,0.000476,0.026649,-0.030508,-0.021344,-0.992278,0.116965,0.035054,-0.040901,0.902572,0.270357,-0.335067,-0.090835,0.880311,0.465619,0.420847,-0.389819,0.819102,-3.9e-05,0.000264,0.000192,0.00035,-0.002167,-0.002357,-1.099291
914,0.234349,-0.008797,0.368475,-0.907409,-0.138988,-0.396656,-0.059079,-0.892236,0.447656,-0.415003,0.429809,0.801912,-6.5e-05,0.000488,0.000368,0.005163,0.014249,0.006723,-1.908978,-0.182687,0.011281,0.374235,-0.59432,0.634706,0.493887,-0.415992,-0.768093,0.486742,0.689027,0.083034,0.719868,0.0,1.6e-05,1e-05,0.000594,-0.000571,-0.000335,-1.337388,0.036305,0.050294,0.007059,0.570011,-0.63759,0.518233,0.425576,0.76864,0.477574,-0.702831,-0.051675,0.709476,-2e-06,-8e-06,2e-06,-0.007663,0.005925,0.002717,-0.992278,0.116971,0.035037,-0.04087,0.903788,0.268243,-0.333484,-0.090104,0.881002,0.464452,0.418387,-0.389718,0.820409,-3.3e-05,0.000229,0.000169,-0.010525,-0.003508,0.009481,-1.099781
915,0.234157,-0.00885,0.368498,-0.908273,-0.136516,-0.395537,-0.060236,-0.892821,0.446334,-0.412947,0.429384,0.8032,-0.013445,-0.003173,-0.001535,0.004244,-0.058242,0.123992,-1.909463,-0.182711,0.011179,0.374302,-0.594356,0.634232,0.494452,-0.415373,-0.76848,0.48666,0.68937,0.083076,0.719535,-1e-06,-4.2e-05,-2.7e-05,0.0,-0.0,-0.0,-1.336825,0.036293,0.050243,0.007091,0.569981,-0.637142,0.518816,0.424947,0.769008,0.477541,-0.703236,-0.05172,0.709072,-2e-06,-1.9e-05,-1.1e-05,0.000172,0.000461,0.000521,-0.992604,0.11688,0.035014,-0.040856,0.904873,0.265961,-0.332367,-0.08897,0.88171,0.463326,0.416278,-0.389681,0.821499,2e-05,-0.000168,-0.000127,-0.006235,-0.008388,-5.2e-05,-1.100761
916,0.234035,-0.008871,0.36849,-0.908034,-0.135882,-0.396304,-0.061062,-0.892959,0.445946,-0.413351,0.429298,0.803039,0.0,-4e-06,-3e-06,0.0,0.0,0.0,-1.909598,-0.182298,0.011029,0.374352,-0.594424,0.63343,0.495398,-0.41439,-0.769141,0.486454,0.689903,0.083081,0.719024,0.012843,-0.001428,-0.001836,0.002045,-0.015205,0.029245,-1.337404,0.03649,0.050171,0.00712,0.57003,-0.6364,0.519672,0.424055,0.769621,0.477345,-0.703734,-0.051732,0.708577,0.013211,-0.006214,0.00294,-0.033914,-0.006892,0.014767,-0.993095,0.116815,0.034998,-0.040864,0.904707,0.26535,-0.333307,-0.088098,0.881961,0.463014,0.416825,-0.389528,0.821294,1e-06,-1e-06,0.0,0.006176,-0.087605,0.17745,-1.101904
917,0.234003,-0.00886,0.368488,-0.907973,-0.135717,-0.396499,-0.061264,-0.893005,0.445825,-0.413454,0.429252,0.80301,-0.013815,-0.00039,0.000566,-0.000984,0.014715,-0.029553,-1.908853,-0.181897,0.010939,0.37423,-0.59452,0.632364,0.496643,-0.413503,-0.770066,0.485744,0.690353,0.082631,0.718643,0.012774,-0.004084,-0.003544,-0.012077,0.088335,-0.173048,-1.338884,0.0367,0.050127,0.007059,0.570124,-0.635254,0.520969,0.423161,0.770601,0.476559,-0.704195,-0.051244,0.708154,0.006386,-0.002105,-0.001821,-0.011944,0.088479,-0.172837,-0.993094,0.116804,0.035001,-0.040867,0.904662,0.265223,-0.333528,-0.08793,0.882038,0.462899,0.416956,-0.389441,0.821268,-9.7e-05,0.000702,0.000527,0.001215,-0.013175,0.024863,-1.103047
918,0.233992,-0.008854,0.368493,-0.907833,-0.135351,-0.396944,-0.061742,-0.893085,0.445599,-0.413689,0.429202,0.802916,-0.000188,0.001414,0.001068,0.006488,-0.099108,0.20491,-1.909307,-0.181871,0.010912,0.374163,-0.594555,0.631954,0.497121,-0.413214,-0.770427,0.485417,0.690495,0.0824,0.718533,-7e-05,-0.002446,-0.001572,0.0,-0.0,-0.0,-1.338467,0.036713,0.050111,0.007023,0.570159,-0.634838,0.521439,0.42289,0.770959,0.476219,-0.704331,-0.051008,0.708036,-4.5e-05,-0.001661,-0.001071,-0.001675,0.013226,-0.025427,-0.993258,0.116793,0.035003,-0.040865,0.904616,0.264995,-0.333836,-0.087631,0.882135,0.462771,0.417121,-0.389375,0.821216,-3e-06,5e-06,4e-06,0.000365,-0.000518,-0.000854,-1.10321
919,0.23429,-0.008827,0.368494,-0.908908,-0.136215,-0.39418,-0.061378,-0.89122,0.449368,-0.411383,0.432793,0.802173,0.013661,0.001552,0.00031,0.006649,-0.101279,0.20853,-1.909326,-0.181989,0.010888,0.374145,-0.594589,0.631524,0.497627,-0.412853,-0.7708,0.485133,0.690682,0.08222,0.718374,-0.012902,-0.000329,0.00071,-0.002045,0.015205,-0.029245,-1.338126,0.036659,0.050095,0.007011,0.570188,-0.634418,0.521918,0.422563,0.771316,0.475932,-0.704504,-0.050827,0.707877,-0.0,-1.5e-05,-1e-05,7.9e-05,7.9e-05,9.9e-05,-0.992931,0.116937,0.035019,-0.040862,0.905385,0.265972,-0.330962,-0.08802,0.880125,0.466509,0.415366,-0.393239,0.820263,0.00683,0.000772,0.000148,0.004242,-0.017535,0.031608,-1.103373
920,0.234812,-0.008755,0.368439,-0.910413,-0.134453,-0.391301,-0.061862,-0.890909,0.449918,-0.407976,0.43398,0.803271,0.013763,0.000803,-0.00026,0.026827,0.057763,0.063773,-1.909848,-0.182272,0.010811,0.374104,-0.587734,0.638884,0.496374,-0.421665,-0.765399,0.486104,0.691218,0.075598,0.718587,-8.1e-05,-0.002741,-0.001763,5.4e-05,5.3e-05,7.8e-05,-1.338521,0.036517,0.050063,0.006995,0.563159,-0.641665,0.520688,0.431253,0.765711,0.477187,-0.704891,-0.044184,0.707937,-0.006509,-0.002038,-0.000844,-0.002319,0.02961,-0.055378,-0.991625,0.117198,0.035057,-0.040889,0.90687,0.264483,-0.328075,-0.087699,0.879926,0.466946,0.412181,-0.394688,0.821174,0.006908,0.000203,-0.000288,0.032075,0.081886,0.080362,-1.102884
921,0.234914,-0.008734,0.368422,-0.91107,-0.135199,-0.38951,-0.061224,-0.889919,0.451959,-0.406606,0.435777,0.802993,1.2e-05,-8.9e-05,-6.7e-05,0.000434,0.001255,0.000579,-1.90921,-0.182352,0.010721,0.374063,-0.587769,0.638497,0.49683,-0.421308,-0.765735,0.485884,0.691406,0.075472,0.718418,-0.000117,-0.003901,-0.00251,0.0,0.0,0.0,-1.337835,0.036473,0.050018,0.006975,0.563198,-0.641244,0.521165,0.430893,0.766072,0.476933,-0.70508,-0.044041,0.707757,-7.1e-05,-0.002353,-0.00151,-0.001745,0.013144,-0.025895,-0.992115,0.117254,0.035065,-0.040898,0.907383,0.26499,-0.326242,-0.088037,0.878819,0.468961,0.410978,-0.396807,0.820755,2e-06,-1.2e-05,-1.6e-05,-0.002946,-0.009751,0.004334,-1.100761
922,0.234943,-0.008716,0.368433,-0.912715,-0.133846,-0.386112,-0.061219,-0.889442,0.452899,-0.402909,0.437167,0.8041,-4.3e-05,0.000314,0.000237,-0.001212,0.001192,-0.001099,-1.909693,-0.181813,0.010272,0.37403,-0.585779,0.640919,0.496062,-0.426033,-0.764087,0.484357,0.690195,0.071587,0.719978,0.013401,-0.018465,0.002904,0.011281,-0.038287,-0.041863,-1.337757,0.036742,0.049795,0.00696,0.561274,-0.643604,0.52033,0.435774,0.76431,0.47532,-0.703612,-0.040038,0.709454,0.006696,-0.009396,0.001341,-0.010395,-0.024101,-0.036634,-0.993094,0.117269,0.035075,-0.040893,0.908973,0.263773,-0.322786,-0.087995,0.878305,0.469932,0.40746,-0.398752,0.821566,-2.9e-05,0.000207,0.000153,-0.00826,0.082239,-0.179196,-1.099128
923,0.234877,-0.008688,0.368446,-0.912692,-0.133779,-0.386188,-0.061294,-0.889467,0.452839,-0.402948,0.437136,0.804098,-5.6e-05,0.000412,0.000311,0.0,0.0,0.0,-1.909616,-0.18116,0.009933,0.373964,-0.577002,0.645471,0.500427,-0.434011,-0.761263,0.481714,0.692605,0.059953,0.718726,0.012831,-0.003485,-0.003181,0.838304,0.798835,1.205981,-1.336,0.037063,0.049617,0.006922,0.553375,-0.646823,0.524781,0.442201,0.762061,0.47299,-0.705857,-0.029682,0.707731,1.4e-05,-0.002013,-0.001359,2.779239,2.728204,3.90156,-0.993584,0.117235,0.035089,-0.040886,0.90893,0.263731,-0.322943,-0.087921,0.878355,0.469852,0.407573,-0.398669,0.821551,-3.3e-05,0.000247,0.000186,0.00031,-0.000547,-0.000616,-1.093413
924,0.234702,-0.008702,0.368459,-0.912612,-0.133563,-0.386454,-0.06159,-0.889502,0.45273,-0.403086,0.43713,0.804032,-1.7e-05,0.000125,9.4e-05,0.0,0.0,0.0,-1.909476,-0.181158,0.009953,0.373858,-0.573173,0.648881,0.500417,-0.438698,-0.758689,0.481527,0.692827,0.055656,0.718858,-4e-06,-0.000149,-9.6e-05,0.0,0.0,0.0,-1.330597,0.037069,0.049624,0.006866,0.548283,-0.651199,0.524713,0.448197,0.758521,0.473038,-0.706048,-0.024184,0.707749,4e-06,9.8e-05,6.4e-05,3.5e-05,-0.000389,-0.000269,-0.993258,0.117148,0.035083,-0.040879,0.908888,0.263538,-0.323217,-0.08765,0.87843,0.469763,0.407724,-0.398632,0.821493,-9e-06,5.7e-05,4.6e-05,0.000192,-0.000284,-0.000473,-1.09227
925,0.234664,-0.008738,0.368486,-0.912474,-0.133218,-0.386898,-0.062097,-0.889533,0.452601,-0.40332,0.437173,0.803891,-0.0,2e-06,1e-06,0.0,0.0,0.0,-1.909011,-0.181295,0.009982,0.373852,-0.569365,0.651891,0.500852,-0.442921,-0.756414,0.48124,0.693274,0.051349,0.718747,-0.012925,-5.7e-05,0.00089,-0.002045,0.015205,-0.029245,-1.325454,0.037006,0.049641,0.006864,0.544389,-0.654128,0.525125,0.45239,0.756122,0.472886,-0.706387,-0.019873,0.707546,-0.00646,8.7e-05,0.000522,-0.014287,0.105172,-0.206442,-0.993094,0.117129,0.035065,-0.040866,0.908823,0.263199,-0.323675,-0.087155,0.87853,0.469668,0.407975,-0.398635,0.821368,1e-06,-1.6e-05,-9e-06,0.000183,-0.00022,-0.000375,-1.092433
926,0.234688,-0.008774,0.368521,-0.91315,-0.134057,-0.385008,-0.061404,-0.888436,0.454844,-0.401896,0.439144,0.803529,-0.0,0.0,0.0,-0.014178,0.011249,-0.013152,-1.909273,-0.181488,0.009912,0.37401,-0.561713,0.657719,0.501872,-0.450828,-0.751878,0.481006,0.694411,0.043108,0.718191,7.5e-05,0.002721,0.001759,0.001788,-0.013077,0.025617,-1.295668,0.036899,0.049607,0.006939,0.536564,-0.659816,0.526061,0.460267,0.751337,0.472912,-0.707285,-0.011619,0.706832,0.000383,-0.004291,0.00511,-0.036293,0.00963,-0.019097,-0.989992,0.117141,0.035047,-0.040848,0.909265,0.264101,-0.321693,-0.087859,0.877272,0.471883,0.406837,-0.400804,0.820876,3e-06,-6e-06,-6e-06,-0.047144,0.037271,-0.0441,-1.093249
927,0.234463,-0.008719,0.368513,-0.913228,-0.134227,-0.384764,-0.061112,-0.888453,0.45485,-0.401764,0.439057,0.803643,-0.00023,0.00171,0.001291,0.0,0.0,0.0,-1.909227,-0.180811,0.009461,0.374452,-0.560093,0.653728,0.508848,-0.448293,-0.755603,0.477526,0.697355,0.038531,0.715594,0.040273,-0.019923,0.015861,-0.064778,-0.020999,0.046216,-1.21482,0.037228,0.049393,0.007162,0.534927,-0.655468,0.533117,0.457792,0.755191,0.469161,-0.710126,-0.00691,0.70404,0.013662,-0.010069,0.008319,-0.065149,-0.001305,0.012317,-0.965662,0.117029,0.035071,-0.040855,0.909291,0.264269,-0.32148,-0.088147,0.877271,0.471831,0.406716,-0.400694,0.82099,-0.006976,0.000318,0.000675,-0.00081,0.014507,-0.029628,-1.094393
928,0.23411,-0.008618,0.368484,-0.913346,-0.134473,-0.384398,-0.060653,-0.888509,0.454802,-0.401565,0.438869,0.803845,-0.02883,0.01125,-0.006748,0.034344,0.010756,-0.011401,-1.909297,-0.180128,0.009103,0.374693,-0.559459,0.653116,0.510329,-0.447647,-0.756174,0.477229,0.698278,0.037728,0.714736,0.039519,-0.011658,0.005436,-0.030309,-0.035685,0.069172,-1.102686,0.037584,0.04921,0.007291,0.53429,-0.654855,0.534506,0.457151,0.755728,0.468921,-0.711017,-0.00619,0.703146,0.01975,-0.005998,0.002594,-0.032245,-0.039883,0.072943,-0.928268,0.116863,0.035115,-0.040869,0.909348,0.26452,-0.321114,-0.08859,0.877258,0.471772,0.406493,-0.400557,0.821167,-0.007058,0.000961,0.001162,-0.000917,0.014613,-0.029681,-1.093576
929,0.232781,-0.008204,0.368267,-0.907237,-0.14758,-0.393938,-0.055337,-0.886485,0.459407,-0.415892,0.438769,0.796582,-0.042457,0.010064,-0.006818,-0.113532,-0.38516,-0.235514,-1.908379,-0.17873,0.008823,0.37467,-0.553494,0.647011,0.524415,-0.445485,-0.761916,0.470064,0.704384,0.025753,0.709255,0.03805,0.009023,-0.012753,0.113275,0.116986,-0.05935,-0.636824,0.038269,0.049061,0.007281,0.52816,-0.64832,0.548386,0.455135,0.761346,0.46174,-0.716867,0.005718,0.697186,0.019396,-0.000978,-0.002063,0.27899,0.564357,-0.519174,-0.758609,0.116204,0.035326,-0.040975,0.902479,0.275839,-0.330821,-0.092841,0.874563,0.475939,0.420607,-0.398811,0.814885,-0.014834,0.010533,-0.008141,-0.127844,-0.502001,-0.251131,-1.092923
930,0.231161,-0.007572,0.367634,-0.889164,-0.185625,-0.418302,-0.040413,-0.878667,0.475693,-0.454744,0.4401,0.774304,-0.043138,0.018925,-0.017107,-0.455552,-1.317169,-0.876276,-1.91032,-0.177691,0.00953,0.374029,-0.538404,0.639317,0.548986,-0.440399,-0.768802,0.463601,0.719116,0.007036,0.694755,0.01063,0.031782,-0.027672,0.014422,0.914405,-0.475446,-0.114777,0.038798,0.049405,0.006965,0.51359,-0.639877,0.571648,0.450545,0.768106,0.454996,-0.730229,0.023872,0.682784,0.005302,0.015919,-0.013852,0.420662,2.252785,-1.527426,-0.62912,0.115377,0.035647,-0.041293,0.881907,0.309838,-0.355301,-0.106123,0.864815,0.490746,0.459322,-0.395087,0.795568,-0.021546,0.009397,-0.008573,-0.56855,-1.462224,-0.887034,-1.096679
931,0.22971,-0.006211,0.366658,-0.854213,-0.245473,-0.458376,-0.024085,-0.861962,0.506373,-0.518343,0.443891,0.730964,-0.045388,0.043899,-0.032155,-0.61471,-2.120055,-1.428125,-1.077758,-0.177556,0.010674,0.372779,-0.529544,0.628708,0.569474,-0.410571,-0.77732,0.476592,0.742955,0.017784,0.669003,-0.002422,0.024591,-0.031334,-0.604193,0.735618,0.274212,0.147506,0.038872,0.049977,0.006363,0.505656,-0.627839,0.591717,0.420992,0.778226,0.465971,-0.753045,0.013487,0.65783,-0.007669,0.011364,-0.015807,-0.437207,0.637506,-0.093837,-0.534901,0.114669,0.036308,-0.041772,0.843384,0.363004,-0.396143,-0.120291,0.846119,0.519241,0.523671,-0.390268,0.75727,-0.015871,0.022601,-0.015963,-0.546248,-3.01842,-1.194783,-0.957882
932,0.228949,-0.005211,0.365891,-0.83147,-0.268833,-0.486244,-0.029466,-0.852621,0.521672,-0.553792,0.448412,0.701618,-0.033345,0.064343,-0.051359,-2.13507,-0.636166,4.150002,-0.609317,-0.177708,0.011171,0.372021,-0.530048,0.621066,0.577336,-0.384339,-0.782761,0.489391,0.756514,0.036734,0.65284,-0.003288,0.028852,-0.044306,-3.916258,-1.725083,-3.463246,0.241383,0.038796,0.050236,0.005991,0.502729,-0.623031,0.599246,0.399377,0.782196,0.478191,-0.766656,-0.001075,0.642056,-0.008087,0.01427,-0.021781,-0.699745,0.821752,-0.039276,-0.390062,0.1143,0.036785,-0.042128,0.818743,0.388206,-0.42303,-0.119754,0.836039,0.535441,0.561531,-0.387729,0.73099,-0.015707,0.021629,-0.016679,-0.563616,-2.838439,-1.295896,-0.864479
933,0.227349,-0.003128,0.363923,-0.796284,-0.281188,-0.53564,-0.083254,-0.82609,0.557329,-0.598214,0.488732,0.635065,-0.045924,0.056199,-0.056523,-0.978059,-2.007525,-1.584328,-0.176502,-0.177924,0.011892,0.370441,-0.509519,0.62856,0.587616,-0.360346,-0.775917,0.517723,0.781989,0.051261,0.621071,-0.002633,0.011348,-0.039938,-0.890876,1.010165,0.460091,0.408532,0.038687,0.05061,0.005186,0.485376,-0.626726,0.609609,0.370086,0.77898,0.506187,-0.792114,-0.020083,0.610041,-0.001302,0.005124,-0.02032,-0.664363,0.707503,0.256019,-0.088791,0.113486,0.037857,-0.043121,0.785351,0.393889,-0.477571,-0.060671,0.816719,0.573837,0.61607,-0.421689,0.665309,-0.022856,0.027544,-0.028651,-1.200171,-2.959796,0.589046,-0.715232
934,0.225133,-0.000647,0.361284,-0.75759,-0.307613,-0.57574,-0.12644,-0.796181,0.591677,-0.639461,0.521424,0.565008,-0.0742,0.071748,-0.076755,-0.236944,-2.754709,-0.505821,-0.015275,-0.178027,0.012406,0.368525,-0.484471,0.654326,0.580634,-0.351674,-0.753309,0.555684,0.80159,0.064202,0.594302,-0.00354,0.013579,-0.054347,-1.243598,-0.827267,2.63869,0.50665,0.038635,0.050867,0.004234,0.458676,-0.650627,0.605227,0.359447,0.758738,0.543244,-0.812658,-0.031626,0.581881,-0.001746,0.00635,-0.027455,-0.40745,0.586785,0.332735,0.221624,0.112389,0.039089,-0.044435,0.745865,0.417846,-0.518737,-0.017619,0.790876,0.611723,0.665863,-0.447123,0.597248,-0.030279,0.036657,-0.038115,-0.88409,-2.201266,-2.070771,-0.603378
935,0.223768,0.000793,0.359803,-0.7316,-0.344012,-0.588611,-0.122708,-0.782853,0.609963,-0.669724,0.518901,0.531262,-0.074175,0.073743,-0.075145,-0.95264,-1.778008,-2.124775,0.039061,-0.178233,0.012603,0.367418,-0.474783,0.664138,0.577488,-0.343591,-0.743862,0.573191,0.810832,0.072892,0.580605,-0.016592,0.00789,-0.05724,-0.616611,0.789715,0.402914,0.525112,0.038531,0.050973,0.003661,0.44815,-0.662553,0.600153,0.350877,0.747836,0.563582,-0.82222,-0.04199,0.567617,-0.008269,0.00345,-0.028938,-0.654504,0.831777,0.407156,0.383118,0.111707,0.039803,-0.04518,0.71622,0.449247,-0.534046,-0.02063,0.778542,0.627253,0.697569,-0.438233,0.566876,-0.030248,0.037033,-0.037811,-0.241182,-3.051679,0.279302,-0.564025
936,0.22071,0.003768,0.356588,-0.681484,-0.40264,-0.611151,-0.11971,-0.762523,0.635767,-0.721158,0.506923,0.472215,-0.087458,0.077688,-0.087951,-0.823371,-1.292217,-1.464757,0.094076,-0.178984,0.012879,0.36487,-0.486461,0.655308,0.577857,-0.285563,-0.744215,0.603765,0.826296,0.127873,0.548403,-0.030546,0.010727,-0.070531,-0.86492,0.430036,0.078208,0.5347,0.038178,0.051101,0.002438,0.459838,-0.654233,0.600439,0.294113,0.750212,0.592181,-0.837881,-0.09571,0.537394,-0.008259,-0.000126,-0.031583,-3.820112,-3.102293,-3.068365,0.500688,0.11021,0.041273,-0.046746,0.660412,0.502466,-0.558016,-0.024269,0.757021,0.652938,0.75051,-0.417666,0.512141,-0.043244,0.033586,-0.039503,-0.765314,-1.259153,-1.434356,-0.305372
937,0.217531,0.006128,0.353356,-0.631909,-0.429459,-0.645214,-0.138771,-0.756349,0.639257,-0.76176,0.49402,0.419157,-0.084449,0.045884,-0.07828,-0.502435,-1.048357,-0.342511,0.092313,-0.180087,0.01323,0.362087,-0.526259,0.620252,0.581662,-0.208873,-0.757278,0.618738,0.824897,0.203345,0.527314,-0.018489,0.018142,-0.082713,-0.217466,0.265521,0.084639,0.534336,0.037611,0.051272,0.001021,0.500036,-0.620211,0.604402,0.215611,0.765103,0.606736,-0.838734,-0.173074,0.516303,-0.015356,0.003471,-0.036661,-0.484278,0.104905,-0.128188,0.517997,0.108591,0.042499,-0.048389,0.607415,0.525727,-0.59553,-0.00486,0.752121,0.659006,0.794368,-0.397396,0.459405,-0.042562,0.028189,-0.043508,-0.532082,-2.428348,1.568909,-0.127059
938,0.21581,0.006981,0.351742,-0.603325,-0.433914,-0.669151,-0.155772,-0.758791,0.63241,-0.781411,0.48632,0.391045,-0.097349,0.039315,-0.082568,-0.359235,-2.362871,2.169696,0.081583,-0.18052,0.013531,0.360526,-0.542462,0.604715,0.583135,-0.181828,-0.762099,0.621352,0.820811,0.230269,0.522597,-0.018534,0.018062,-0.08292,-1.147514,-0.622751,-0.670244,0.534275,0.037394,0.051419,0.000239,0.516736,-0.605123,0.605646,0.190766,0.771008,0.60758,-0.83462,-0.198422,0.513845,-0.00913,0.008991,-0.041539,-3.378676,-3.026914,-2.685949,0.520283,0.107735,0.04293,-0.049193,0.581483,0.528021,-0.618926,0.010351,0.755901,0.654603,0.813491,-0.387048,0.434078,-0.041907,0.020331,-0.041081,-0.447613,-1.296833,0.170487,-0.113506
939,0.212194,0.008181,0.348651,-0.560589,-0.434957,-0.704697,-0.191794,-0.759656,0.621377,-0.804907,0.484032,0.343315,-0.08291,0.026569,-0.076417,-4.267339,1.873885,2.920056,0.057076,-0.181427,0.014142,0.35726,-0.583416,0.563134,0.585234,-0.132268,-0.776729,0.615736,0.802025,0.281114,0.526871,-0.031768,0.01486,-0.084552,-0.088009,-0.256822,-0.363016,0.535498,0.036957,0.051721,-0.001361,0.557924,-0.565256,0.607623,0.14127,0.786174,0.601642,-0.817779,-0.249831,0.518479,-0.015735,0.007802,-0.042025,-3.038075,-3.377959,-2.990452,0.521426,0.105923,0.043525,-0.050749,0.538028,0.526412,-0.658342,0.042422,0.76312,0.644862,0.841858,-0.374883,0.388249,-0.048476,0.018222,-0.042415,-0.562254,-2.61612,2.435102,-0.132611
940,0.208642,0.009467,0.345513,-0.542549,-0.422981,-0.725792,-0.238175,-0.751103,0.615702,-0.804904,0.507437,0.307675,-0.097343,0.040043,-0.082395,-0.359652,-1.248104,0.257658,0.064792,-0.182631,0.01467,0.354027,-0.620926,0.518234,0.588113,-0.080782,-0.78847,0.609691,0.780435,0.330411,0.530673,-0.031902,0.015722,-0.084344,-0.113289,-0.295101,-0.363318,0.535084,0.036332,0.051989,-0.003046,0.59753,-0.520066,0.610317,0.088977,0.799444,0.594114,-0.796893,-0.300697,0.523966,-0.015913,0.007806,-0.042176,-0.115724,-0.298336,-0.367135,0.523222,0.104117,0.044166,-0.052356,0.525951,0.508536,-0.681736,0.094782,0.761519,0.641173,0.845216,-0.401842,0.352322,-0.0486,0.020009,-0.041149,-0.29846,-1.191938,0.290381,-0.144531
941,0.20521,0.011142,0.342434,-0.530496,-0.41113,-0.741344,-0.272563,-0.745386,0.608343,-0.802041,0.525294,0.284293,-0.097504,0.045206,-0.078491,-0.089195,-0.580774,0.387988,0.1317,-0.183515,0.015689,0.350693,-0.66625,0.45555,0.590404,-0.010532,-0.79727,0.603476,0.746445,0.395272,0.535203,-0.019293,0.035079,-0.087887,-3.10768,-3.41729,-3.067041,0.529356,0.035896,0.052475,-0.004687,0.641617,-0.462227,0.612105,0.0235,0.809497,0.586653,-0.766665,-0.362022,0.530249,-0.009583,0.018321,-0.043348,-0.051696,-0.310256,-0.275028,0.522242,0.102437,0.044983,-0.053868,0.515835,0.496851,-0.697891,0.130353,0.759632,0.637155,0.846712,-0.419639,0.327079,-0.041971,0.023162,-0.03908,-0.399106,-0.332781,0.316479,-0.093911
942,0.203433,0.01202,0.340885,-0.523245,-0.405125,-0.749756,-0.290272,-0.742473,0.603695,-0.8006,0.534015,0.271837,-0.097404,0.044775,-0.078892,-0.059913,-0.437649,0.237191,0.133703,-0.183956,0.016583,0.348904,-0.686496,0.422562,0.591741,0.024535,-0.799759,0.599765,0.727533,0.42572,0.537886,-0.01986,0.049386,-0.093819,-0.020276,-0.324391,-0.261346,0.525558,0.035676,0.052917,-0.00558,0.665287,-0.426032,0.613097,-0.015949,0.812903,0.58218,-0.746416,-0.397095,0.534019,-0.009888,0.02483,-0.046781,-0.744706,-0.949532,-1.082586,0.522569,0.101548,0.045426,-0.05464,0.509827,0.490163,-0.706976,0.148755,0.759192,0.633638,0.847317,-0.428212,0.314143,-0.041911,0.022684,-0.039475,-0.329915,-0.367381,0.515005,-0.0606
943,0.199845,0.01355,0.337972,-0.48936,-0.410876,-0.769255,-0.308272,-0.743648,0.593236,-0.815198,0.527953,0.238212,-0.083298,0.035827,-0.069796,-0.220651,-1.178713,0.779153,0.076968,-0.185053,0.019062,0.345014,-0.714192,0.362867,0.598539,0.087161,-0.802236,0.590554,0.695343,0.473478,0.540536,-0.033398,0.065427,-0.097285,0.008775,-0.304145,-0.264633,0.521014,0.035132,0.054151,-0.007523,0.694224,-0.366987,0.61917,-0.078521,0.816498,0.571983,-0.715462,-0.445702,0.538016,-0.010415,0.038812,-0.052772,-0.647358,-0.961484,-1.009597,0.522405,0.099749,0.046193,-0.0561,0.478154,0.491171,-0.728092,0.166553,0.763249,0.624267,0.862338,-0.419762,0.283145,-0.048301,0.01761,-0.034761,-0.542603,-2.237877,2.33672,-0.072683
