frame,MLTx,MLTy,MLTz,MLTR1,MLTR2,MLTR3,MLTR4,MLTR5,MLTR6,MLTR7,MLTR8,MLTR9,MLTTVx,MLTTVy,MLTTVz,MLTRVx,MLTRVy,MLTRVz,MLGA,MRTx,MRTy,MRTz,MRTR1,MRTR2,MRTR3,MRTR4,MRTR5,MRTR6,MRTR7,MRTR8,MRTR9,MRTTVx,MRTTVy,MRTTVz,MRTRVx,MRTRVy,MRTRVz,MRGA,SLTx,SLTy,SLTz,SLTR1,SLTR2,SLTR3,SLTR4,SLTR5,SLTR6,SLTR7,SLTR8,SLTR9,SLTTVx,SLTTVy,SLTTVz,SLTRVx,SLTRVy,SLTRVz,SLGA,SRTx,SRTy,SRTz,SRTR1,SRTR2,SRTR3,SRTR4,SRTR5,SRTR6,SRTR7,SRTR8,SRTR9,SRTTVx,SRTTVy,SRTTVz,SRTRVx,SRTRVy,SRTRVz,SRGA
85,0.194516,-0.008175,0.347563,-0.495662,0.204124,-0.844215,-0.618715,-0.76512,0.178203,-0.60894,0.610398,0.506589,1e-06,-8.5e-05,-7.1e-05,0.0,0.0,0.0,0.272113,-0.260639,-0.020489,0.358521,-0.832977,0.538113,0.128747,-0.390697,-0.736631,0.551964,0.392907,0.408791,0.823637,-0.014951,0.037669,-0.039673,-0.99919,-0.407191,-1.017889,-1.299789,-0.001214,0.033699,0.008688,0.916168,-0.382326,0.120253,0.251194,0.781547,0.571038,-0.312307,-0.492961,0.812067,-0.000436,0.022621,-0.02574,-1.281717,0.746584,0.521289,-0.891038,0.096351,0.036462,-0.044307,0.663976,-0.227531,-0.712295,0.523327,0.821804,0.225314,0.534101,-0.522367,0.664731,1e-06,-4.6e-05,-3.8e-05,7e-06,1.7e-05,0.0,0.161475
86,0.194516,-0.008187,0.34754,-0.495703,0.204106,-0.844195,-0.618678,-0.765144,0.178226,-0.608944,0.610375,0.506614,4e-06,-0.000291,-0.000242,0.0,0.0,0.0,0.27701,-0.261098,-0.018796,0.356978,-0.832887,0.537492,0.131881,-0.369936,-0.717758,0.589835,0.412739,0.441796,0.796446,-0.013046,0.053943,-0.043584,-1.115819,0.493312,0.574655,-1.397813,-0.001447,0.034528,0.007908,0.918241,-0.376258,0.123537,0.22997,0.760579,0.607151,-0.322405,-0.529101,0.784924,0.000561,0.026043,-0.022721,-1.18336,-0.49736,-0.674402,-0.865565,0.096351,0.036456,-0.044319,0.66401,-0.227509,-0.71227,0.523286,0.821826,0.225328,0.534099,-0.522341,0.664753,2e-06,-0.000169,-0.000142,-6e-06,2e-06,-9e-06,0.162945
87,0.194495,-0.008198,0.347505,-0.495664,0.204123,-0.844214,-0.618666,-0.765169,0.178164,-0.608989,0.610338,0.506604,6e-06,-0.000406,-0.000337,0.0,0.0,0.0,0.277419,-0.26134,-0.016958,0.355397,-0.830353,0.541168,0.13282,-0.359024,-0.701693,0.615356,0.427254,0.46259,0.776742,-0.013865,0.041191,-0.036484,-0.426845,2.566298,-1.160429,-1.399392,-0.001571,0.035477,0.007111,0.91649,-0.381199,0.121372,0.224221,0.740717,0.633295,-0.331314,-0.553195,0.764333,0.000339,0.025255,-0.023369,-0.485192,0.215139,0.51717,-0.959783,0.09634,0.03645,-0.044336,0.663977,-0.22753,-0.712295,0.523284,0.821845,0.225263,0.534142,-0.522302,0.664749,3e-06,-0.000236,-0.000194,5e-06,5e-06,3e-06,0.16768
88,0.194494,-0.008201,0.347463,-0.495694,0.20411,-0.844199,-0.618603,-0.765222,0.178151,-0.609028,0.610274,0.506633,6e-06,-0.00042,-0.000349,0.0,0.0,0.0,0.276708,-0.261064,-0.015296,0.353643,-0.825167,0.546694,0.142182,-0.348716,-0.690841,0.633301,0.445484,0.472303,0.760485,0.014335,0.047433,-0.049585,-0.677065,0.360187,0.521845,-1.399952,-0.001444,0.036304,0.006237,0.911808,-0.388265,0.133622,0.214777,0.728325,0.650702,-0.349965,-0.564617,0.747483,0.007211,0.018959,-0.019873,-0.766938,0.662072,0.286702,-0.949986,0.09634,0.036448,-0.044357,0.664003,-0.227514,-0.712275,0.523222,0.821893,0.225234,0.53417,-0.522234,0.66478,4e-06,-0.000198,-0.000165,-1e-06,7e-06,-6e-06,0.167354
89,0.194493,-0.008204,0.347421,-0.495601,0.204154,-0.844244,-0.618602,-0.765252,0.178025,-0.609105,0.610222,0.506604,2.9e-05,-0.001964,-0.001631,-0.000879,0.013778,-0.025297,0.277384,-0.260893,-0.014457,0.352834,-0.823702,0.547479,0.147558,-0.338894,-0.683815,0.646128,0.455679,0.481514,0.748574,0.014658,0.038985,-0.038771,-1.056768,0.531678,0.640248,-1.400414,-0.00136,0.036723,0.005825,0.910885,-0.388611,0.138816,0.2063,0.720177,0.662408,-0.357391,-0.57474,0.736168,0.000489,0.025788,-0.022851,-0.660708,0.460278,0.350789,-0.948026,0.096339,0.036451,-0.044375,0.663907,-0.227579,-0.712344,0.523256,0.821909,0.225094,0.534256,-0.52218,0.664754,6e-06,-0.000434,-0.00036,-1e-06,-1.3e-05,0.0,0.167191
90,0.194491,-0.008199,0.347306,-0.495532,0.20419,-0.844275,-0.618493,-0.765383,0.177841,-0.609271,0.610046,0.506616,3.4e-05,-0.002266,-0.001883,0.0,0.0,0.0,0.274435,-0.260437,-0.012586,0.351142,-0.819309,0.549833,0.162504,-0.316178,-0.669557,0.672056,0.479352,0.498541,0.722179,0.01567,0.052409,-0.045091,-1.101793,0.45494,0.699106,-1.400265,-0.001132,0.037652,0.00498,0.906903,-0.392231,0.153885,0.186434,0.701094,0.688265,-0.377847,-0.5955,0.70895,0.007909,0.026411,-0.022374,-1.381875,0.491049,0.743221,-0.941005,0.096338,0.036452,-0.044433,0.663864,-0.227611,-0.712373,0.523165,0.822021,0.224895,0.534397,-0.521989,0.664789,2.1e-05,-0.001338,-0.001112,-0.000866,0.013795,-0.025285,0.166047
91,0.194457,-0.008208,0.347168,-0.49569,0.20412,-0.844199,-0.618254,-0.765574,0.17785,-0.609384,0.609831,0.506739,3.6e-05,-0.002443,-0.002032,0.0,0.0,0.0,0.272196,-0.259878,-0.010461,0.349307,-0.81714,0.54866,0.176765,-0.288452,-0.65453,0.698799,0.500125,0.519329,0.692846,0.015055,0.050412,-0.046744,-0.818927,0.337237,0.612097,-1.399736,-0.000851,0.038723,0.00407,0.904078,-0.392798,0.168378,0.161798,0.679256,0.715844,-0.395554,-0.619935,0.677655,0.007662,0.030447,-0.027863,-1.063185,0.572088,0.467833,-0.93382,0.096322,0.036447,-0.044503,0.664,-0.227524,-0.712275,0.522918,0.822193,0.224841,0.534471,-0.521757,0.664912,2.4e-05,-0.001423,-0.001184,-0.000878,0.013797,-0.02529,0.162292
92,0.194446,-0.008218,0.347121,-0.495635,0.204146,-0.844226,-0.618234,-0.765611,0.177759,-0.60945,0.609775,0.506727,2.2e-05,-0.001509,-0.001256,0.0,0.0,0.0,0.270649,-0.259519,-0.009364,0.348276,-0.818075,0.545472,0.18222,-0.272838,-0.64686,0.712085,0.507319,0.532127,0.67774,0.015245,0.060888,-0.055634,-0.762953,0.29079,0.62857,-1.399581,-0.000666,0.039289,0.003536,0.904194,-0.3902,0.173715,0.148091,0.667884,0.729382,-0.400626,-0.633777,0.661682,0.007623,0.030364,-0.027902,-0.746274,0.281078,0.641341,-0.93382,0.096316,0.03644,-0.044528,0.663952,-0.227556,-0.712309,0.522914,0.822222,0.224746,0.534534,-0.521697,0.664908,1.7e-05,-0.000894,-0.000745,3e-06,-2e-06,4e-06,0.161312
93,0.194434,-0.008228,0.347007,-0.495619,0.204156,-0.844232,-0.618115,-0.765736,0.177636,-0.609584,0.609615,0.506759,1.9e-05,-0.001294,-0.001078,0.0,0.0,0.0,0.265835,-0.258989,-0.007251,0.346137,-0.820981,0.53634,0.19576,-0.238612,-0.633623,0.73588,0.519747,0.556747,0.647888,0.014115,0.05699,-0.058926,-0.888318,0.430476,0.469379,-1.39932,-0.000405,0.040328,0.002492,0.905684,-0.38026,0.187452,0.117097,0.649325,0.751441,-0.40746,-0.658618,0.632611,0.006731,0.022385,-0.025785,-1.055848,0.54885,0.435703,-0.928758,0.09631,0.036435,-0.044586,0.663939,-0.227568,-0.712318,0.522814,0.822328,0.224592,0.534649,-0.521525,0.664951,1.3e-05,-0.000749,-0.000624,1e-06,-0.0,5e-06,0.156413
94,0.194411,-0.008229,0.346875,-0.495613,0.204161,-0.844234,-0.617958,-0.765895,0.177497,-0.609747,0.609413,0.506805,3.8e-05,-0.002617,-0.00218,0.0,0.0,0.0,0.259808,-0.258477,-0.005384,0.343991,-0.820337,0.535097,0.201765,-0.21441,-0.614689,0.759026,0.531201,0.578711,0.618694,0.013064,0.043633,-0.052448,-0.795974,0.059148,-0.104457,-1.399252,-0.000144,0.041282,0.001396,0.904348,-0.380515,0.19329,0.096938,0.624184,0.775239,-0.415639,-0.682349,0.601367,0.006526,0.021679,-0.026362,-0.766425,0.051371,-0.11067,-0.928268,0.096298,0.036436,-0.04465,0.663935,-0.227573,-0.71232,0.522678,0.822464,0.224412,0.534788,-0.521309,0.665009,2.4e-05,-0.00138,-0.00115,7e-06,4e-06,1.5e-05,0.148902
95,0.194375,-0.008213,0.346651,-0.49552,0.20421,-0.844277,-0.617717,-0.766165,0.177169,-0.610066,0.609058,0.506848,-0.000431,0.006183,-0.012494,0.034878,0.003716,-0.005509,0.255127,-0.257854,-0.003723,0.341935,-0.815995,0.536509,0.215176,-0.188504,-0.598694,0.778438,0.547483,0.593952,0.589361,0.013054,0.043739,-0.052274,-1.915345,-3.846621,-3.039073,-1.39889,0.000162,0.042093,0.000385,0.898351,-0.38772,0.206489,0.078173,0.603667,0.793393,-0.432265,-0.696604,0.572614,0.013443,0.020808,-0.02721,-1.007769,0.538464,0.326411,-0.925329,0.09628,0.036444,-0.044755,0.663851,-0.227633,-0.712379,0.522507,0.822674,0.224036,0.535058,-0.52095,0.665073,3.3e-05,-0.002007,-0.001673,-6e-06,-0.0,2e-06,0.142044
96,0.194329,-0.008196,0.346482,-0.494828,0.201617,-0.845305,-0.617239,-0.766241,0.1785,-0.611111,0.609828,0.504659,-0.014388,0.005451,-0.012498,0.029342,-0.015039,-0.020342,0.250218,-0.257462,-0.002958,0.340903,-0.808178,0.544975,0.223251,-0.179152,-0.588438,0.788402,0.562038,0.596475,0.572882,0.012596,0.042139,-0.053658,-1.039421,0.611545,0.330632,-1.399002,0.000358,0.042478,-0.000129,0.894851,-0.391477,0.214443,0.067397,0.593416,0.802069,-0.441245,-0.70328,0.557403,0.013168,0.019849,-0.028047,-0.652827,0.416611,0.208088,-0.924513,0.096263,0.036452,-0.044841,0.663115,-0.224982,-0.713905,0.521808,0.822745,0.225403,0.536651,-0.521989,0.662972,4.8e-05,-0.002971,-0.002481,0.009214,0.017937,-0.029311,0.137635
97,0.194214,-0.008149,0.345956,-0.493809,0.196261,-0.84716,-0.615861,-0.766693,0.181303,-0.613321,0.611014,0.500527,-0.01434,0.001512,-0.015804,0.014865,-0.050206,-0.072027,0.235009,-0.256437,-0.001582,0.338876,-0.795804,0.555597,0.240828,-0.155285,-0.571474,0.805753,0.586293,0.603112,0.54072,0.026285,0.039972,-0.055775,-1.067851,0.729822,0.179457,-1.399247,0.000865,0.043165,-0.001142,0.884702,-0.404567,0.231574,0.047256,0.572052,0.818854,-0.463754,-0.713499,0.525214,0.020049,0.014052,-0.024226,-0.742851,0.528271,0.093727,-0.922063,0.096199,0.03648,-0.045106,0.66209,-0.219739,-0.716484,0.519895,0.823256,0.22794,0.539763,-0.523414,0.659311,-0.00716,0.00059,-0.008039,0.041271,-0.007138,-0.05877,0.121469
98,0.194026,-0.008019,0.345077,-0.490505,0.188488,-0.850837,-0.617887,-0.763696,0.186965,-0.613936,0.61719,0.492123,-0.000801,0.007837,-0.028834,-0.021877,-0.321584,-0.189041,0.197824,-0.255061,-0.000308,0.336862,-0.779223,0.568995,0.262771,-0.130996,-0.557699,0.819601,0.613865,0.6035,0.508744,0.040048,0.038272,-0.057515,-0.797028,0.677918,-0.024441,-1.399117,0.001548,0.043803,-0.002149,0.870559,-0.422042,0.252993,0.025845,0.552657,0.833007,-0.491383,-0.718644,0.492029,0.019988,0.018882,-0.029008,-0.862201,0.649011,0.172513,-0.926472,0.096105,0.036547,-0.045544,0.65925,-0.213228,-0.721056,0.521165,0.820817,0.233764,0.54201,-0.529898,0.652251,-0.000384,0.003734,-0.01457,-0.042362,-0.361704,-0.204331,0.085709
99,0.193897,-0.007921,0.344501,-0.488588,0.185914,-0.852504,-0.620829,-0.760584,0.18988,-0.612499,0.621798,0.488098,-0.000774,0.005618,-0.03073,-0.01985,-0.313102,-0.184985,0.168611,-0.254189,0.000399,0.33573,-0.769058,0.576651,0.275709,-0.116249,-0.550184,0.826872,0.629463,0.603121,0.489779,0.04003,0.038434,-0.057361,-1.061993,0.826509,0.0831,-1.399035,0.001963,0.044142,-0.002693,0.862598,-0.430687,0.265391,0.01335,0.543801,0.839108,-0.505713,-0.72027,0.474831,0.019739,0.013116,-0.025073,-0.993103,0.76329,-0.008837,-0.927452,0.096041,0.036595,-0.04582,0.657599,-0.211115,-0.723182,0.523712,0.818154,0.237379,0.54156,-0.53484,0.64858,-0.007359,0.002579,-0.015249,-0.069737,-0.417925,-0.267172,0.05599
100,0.193534,-0.007598,0.34303,-0.483321,0.181126,-0.856528,-0.626296,-0.755129,0.193661,-0.611118,0.629812,0.479478,-0.001219,0.012189,-0.043005,0.070302,-0.110211,-0.082918,0.129038,-0.252207,0.001776,0.333317,-0.749153,0.591581,0.297981,-0.089571,-0.536038,0.839389,0.657225,0.601382,0.454156,0.053147,0.044422,-0.070473,-0.900526,0.871263,-0.095484,-1.398543,0.002951,0.044833,-0.00389,0.845743,-0.449742,0.287141,-0.010279,0.524299,0.851471,-0.533491,-0.723078,0.438799,0.026508,0.016857,-0.030977,-0.837912,0.799243,-0.134683,-0.930554,0.095865,0.036753,-0.046538,0.652579,-0.206226,-0.729116,0.528576,0.81335,0.243039,0.542906,-0.543995,0.639781,-0.007584,0.006141,-0.021149,0.084655,-0.113173,-0.098659,-0.015858
101,0.193054,-0.007079,0.341234,-0.476086,0.163273,-0.864135,-0.62197,-0.757171,0.199544,-0.621132,0.63226,0.463108,-0.015683,0.019493,-0.054079,0.77691,-2.136176,1.782179,0.122866,-0.250022,0.003084,0.330835,-0.729662,0.606657,0.315518,-0.066686,-0.522189,0.85018,0.681431,0.598525,0.421049,0.066307,0.030816,-0.064867,-0.970523,0.926021,-0.041265,-1.399161,0.004058,0.045503,-0.005158,0.829147,-0.468818,0.304504,-0.030411,0.506068,0.861957,-0.558201,-0.72395,0.405348,0.026294,0.016244,-0.031566,-0.603535,0.729353,-0.22443,-0.93284,0.095625,0.03701,-0.047445,0.648737,-0.190839,-0.736694,0.522436,0.815576,0.248786,0.553352,-0.546273,0.628796,-0.007811,0.009768,-0.027007,0.102284,-0.076265,-0.28383,-0.045087
102,0.192455,-0.006397,0.339015,-0.468,0.145437,-0.871705,-0.616845,-0.76009,0.204295,-0.632287,0.633133,0.446522,-0.016146,0.026511,-0.066053,0.027863,-0.377447,-0.448618,0.119899,-0.247577,0.004204,0.328435,-0.706881,0.619112,0.342067,-0.037116,-0.515251,0.856196,0.707205,0.59174,0.386739,0.066371,0.031615,-0.064259,-0.587409,0.944671,-0.786127,-1.398423,0.005305,0.046073,-0.006384,0.808071,-0.487612,0.330538,-0.058996,0.491296,0.868992,-0.586123,-0.721708,0.368235,0.033217,0.015778,-0.032201,-0.548313,0.964376,-0.872225,-0.934147,0.095325,0.037348,-0.04855,0.638559,-0.173927,-0.74966,0.517177,0.818348,0.250667,0.569885,-0.547773,0.612514,-0.007794,0.007445,-0.029079,-0.073479,-0.51218,-0.550063,-0.053088
103,0.192114,-0.006021,0.337754,-0.460808,0.135986,-0.877045,-0.61446,-0.761926,0.204646,-0.639848,0.63304,0.435755,-0.016132,0.022937,-0.069243,0.059376,-0.25589,-0.407845,0.116668,-0.246241,0.004599,0.327361,-0.691509,0.624403,0.363217,-0.01499,-0.514962,0.857043,0.723036,0.586408,0.364974,0.066137,0.010548,-0.046962,-0.654208,1.071467,-0.996947,-1.398312,0.005947,0.046264,-0.006905,0.79441,-0.496004,0.350559,-0.079891,0.486819,0.869841,-0.602104,-0.719017,0.347108,0.040168,0.01024,-0.028307,-0.977537,1.93137,-2.598274,-0.934147,0.095155,0.03754,-0.049177,0.631746,-0.164766,-0.757461,0.514553,0.819961,0.250792,0.579768,-0.548191,0.602788,-0.007791,0.00612,-0.030275,0.01624,-0.295613,-0.45617,-0.057824
104,0.191351,-0.005221,0.334947,-0.438616,0.111481,-0.891758,-0.606584,-0.768865,0.202174,-0.662565,0.629461,0.405972,-0.016146,0.018397,-0.073476,2.161803,-2.345503,1.212716,0.11219,-0.243393,0.004962,0.325566,-0.649115,0.651003,0.393492,0.006628,-0.512281,0.858754,0.761427,0.559205,0.32769,0.08019,-0.00018,-0.03903,1.541835,5.600476,1.468744,-1.39799,0.007396,0.046448,-0.007822,0.758175,-0.529028,0.381181,-0.102092,0.481066,0.870719,-0.644008,-0.699073,0.310723,0.040326,-0.000327,-0.019577,1.449713,5.632778,1.506112,-0.927778,0.094767,0.037948,-0.050607,0.612195,-0.143143,-0.777641,0.506862,0.82588,0.247003,0.606882,-0.545372,0.578154,-0.00803,0.008866,-0.037012,2.194631,-2.340864,1.214455,-0.064845
105,0.190442,-0.004441,0.331789,-0.410596,0.084801,-0.90789,-0.591739,-0.782299,0.194487,-0.693245,0.616982,0.372522,-0.030707,0.023165,-0.08715,0.199916,-0.894755,-0.137789,0.114114,-0.240147,0.004802,0.324235,-0.59231,0.683991,0.425812,0.011229,-0.521299,0.853261,0.806323,0.509304,0.300525,0.094542,-0.010017,-0.030393,-0.144596,0.596994,-0.56806,-1.397988,0.008984,0.04637,-0.008477,0.707124,-0.574946,0.411596,-0.107282,0.488122,0.866156,-0.698903,-0.656637,0.283481,0.040507,-0.00362,-0.013783,-0.035752,0.768214,-0.731153,-0.930881,0.094324,0.038332,-0.052151,0.58628,-0.121029,-0.801016,0.493073,0.837844,0.234297,0.64277,-0.532323,0.550887,-0.008259,0.011507,-0.043911,0.565786,-1.576224,0.160943,-0.067621
106,0.189878,-0.004051,0.330114,-0.389113,0.073377,-0.918288,-0.583556,-0.790932,0.184016,-0.712323,0.607381,0.351727,-0.030759,0.021984,-0.08845,0.545904,-2.468952,2.079241,0.118593,-0.238346,0.004556,0.323759,-0.559956,0.698051,0.446279,0.017778,-0.528265,0.848854,0.82898,0.482365,0.282806,0.095059,-0.018475,-0.019978,-0.548919,0.88019,-0.635083,-1.398226,0.009884,0.046248,-0.008721,0.67866,-0.594099,0.431816,-0.114234,0.495404,0.861118,-0.725513,-0.633735,0.268345,0.047641,-0.003419,-0.01388,-0.851929,1.235773,-1.123469,-0.933003,0.094042,0.038525,-0.052991,0.569059,-0.111497,-0.814702,0.485532,0.845174,0.22347,0.663648,-0.522732,0.53509,-0.015314,0.010652,-0.044503,0.164349,-0.358145,-0.020251,-0.065988
107,0.188576,-0.003339,0.326568,-0.324402,0.06354,-0.943807,-0.57081,-0.808746,0.141694,-0.7539,0.584618,0.299805,-0.030905,0.017328,-0.093286,0.069779,-1.231072,0.359023,0.131591,-0.234177,0.003893,0.323006,-0.491796,0.715546,0.496107,0.034418,-0.553227,0.83228,0.870589,0.425477,0.246796,0.123789,-0.016945,-0.019853,-0.496046,1.566571,-0.926716,-1.397983,0.011958,0.045916,-0.009097,0.615749,-0.62429,0.480743,-0.134766,0.517693,0.844885,-0.776331,-0.585025,0.234636,0.055044,-0.007464,-0.008843,0.201683,2.946,-2.621702,-0.926635,0.093391,0.038883,-0.054761,0.508321,-0.109641,-0.854158,0.480951,0.858906,0.17597,0.714349,-0.500258,0.489332,-0.022437,0.00843,-0.046532,0.169753,-1.670124,0.8206,-0.050802
108,0.186926,-0.002762,0.322858,-0.276835,0.061845,-0.958949,-0.564822,-0.817797,0.110259,-0.777069,0.572078,0.262521,-0.045256,0.015408,-0.095258,0.21291,-0.814857,0.970595,0.138421,-0.229356,0.003229,0.322212,-0.44336,0.707041,0.550923,0.070791,-0.584973,0.807917,0.894037,0.396301,0.208582,0.123768,-0.017761,-0.021182,-0.386511,0.954592,-0.989114,-1.398031,0.014323,0.045599,-0.009478,0.566541,-0.627313,0.534329,-0.175998,0.541353,0.822168,-0.805018,-0.559833,0.196293,0.068853,-0.009358,-0.011355,-1.117763,2.018736,-3.09657,-0.934473,0.092588,0.039167,-0.056586,0.464749,-0.109699,-0.878619,0.480094,0.864989,0.145951,0.743986,-0.489651,0.454669,-0.022552,0.007513,-0.047758,0.224072,-0.680308,0.807364,-0.037086
109,0.184766,-0.002408,0.319388,-0.244309,0.056975,-0.968045,-0.566106,-0.818866,0.094621,-0.787012,0.571059,0.233517,-0.059353,0.004814,-0.086917,0.146847,-0.836146,0.648433,0.157792,-0.224372,0.002527,0.321311,-0.393868,0.690363,0.606843,0.114674,-0.618029,0.777705,0.912413,0.375027,0.163467,0.137691,-0.020052,-0.024508,-0.618885,1.457091,-1.754213,-1.398101,0.016909,0.045237,-0.009942,0.513381,-0.62117,0.592104,-0.226781,0.567239,0.791713,-0.827653,-0.540728,0.15034,0.068833,-0.010182,-0.012494,-0.67336,1.503321,-1.795879,-0.937739,0.091497,0.039345,-0.058361,0.434146,-0.109231,-0.894194,0.484703,0.865013,0.129665,0.759327,-0.489713,0.428487,-0.0367,0.002248,-0.043294,0.131199,-0.881703,0.577211,-0.021247
110,0.183396,-0.002288,0.317695,-0.234053,0.051725,-0.97087,-0.565475,-0.819533,0.092605,-0.790586,0.570609,0.222274,-0.07375,0.005697,-0.086012,0.148083,-0.71214,0.458817,0.182032,-0.221684,0.002142,0.320831,-0.363396,0.681052,0.63569,0.13855,-0.63513,0.759834,0.921661,0.363333,0.135621,0.138003,-0.019011,-0.023901,-0.480464,1.350986,-1.39837,-1.398284,0.018201,0.045049,-0.010175,0.482559,-0.618585,0.620071,-0.252924,0.579377,0.774822,-0.838549,-0.530729,0.123129,0.068973,-0.009763,-0.012281,-0.725335,1.560045,-1.757966,-0.940188,0.090817,0.039404,-0.05921,0.424168,-0.104998,-0.899475,0.484512,0.865449,0.127456,0.765068,-0.489869,0.417968,-0.036804,0.002879,-0.04293,0.14254,-0.768819,0.439319,-0.001325
111,0.1801,-0.002183,0.314425,-0.224579,0.032907,-0.973923,-0.561467,-0.821213,0.101668,-0.79618,0.569614,0.204117,-0.088208,-0.00498,-0.078026,0.093745,-0.402432,-0.118966,0.266925,-0.216146,0.001423,0.319863,-0.306319,0.655762,0.690027,0.204613,-0.662461,0.720564,0.929989,0.361081,0.067858,0.138311,-0.018925,-0.024589,-0.788419,1.653096,-0.998213,-1.397952,0.021022,0.044684,-0.010667,0.421377,-0.604398,0.676124,-0.323255,0.596475,0.734658,-0.847317,-0.528129,0.055966,0.069163,-0.009501,-0.012432,-0.716178,1.585818,-1.026242,-0.931371,0.089142,0.039459,-0.060877,0.41367,-0.087223,-0.906238,0.4788,0.867471,0.135066,0.774355,-0.48978,0.400609,-0.044044,-0.002512,-0.038987,0.108596,-0.372273,-0.092356,0.088648
112,0.17636,-0.002295,0.311339,-0.211623,0.008686,-0.977336,-0.55692,-0.822796,0.113224,-0.802908,0.568244,0.180178,-0.088891,-0.004781,-0.079033,0.017119,-0.767845,-0.595581,0.330286,-0.210458,0.000724,0.318721,-0.276654,0.61674,0.736944,0.30789,-0.669452,0.675997,0.910578,0.413133,-0.005627,0.152427,-0.021768,-0.028859,-4.830978,-2.197075,-0.89767,-1.397895,0.023809,0.044346,-0.011224,0.38275,-0.575154,0.722979,-0.422062,0.587269,0.690635,-0.821806,-0.569483,-0.017973,0.069048,-0.004978,-0.017878,-1.055179,1.475923,-1.104094,-0.929411,0.087305,0.039406,-0.062389,0.401155,-0.066893,-0.913563,0.472475,0.869533,0.143799,0.784755,-0.489322,0.380424,-0.051536,-0.002478,-0.039317,0.107593,-0.354145,-0.166775,0.191031
113,0.174446,-0.002471,0.309905,-0.206501,-0.002476,-0.978466,-0.554898,-0.823326,0.119138,-0.805642,0.567551,0.169863,-0.103303,-0.014338,-0.069574,0.036349,-0.374913,-0.407714,0.350576,-0.207612,0.000451,0.318076,-0.269165,0.599504,0.753747,0.362233,-0.662038,0.656069,0.892632,0.448862,-0.039927,0.152757,-0.020867,-0.02847,-1.111351,1.515053,-0.974544,-1.397789,0.025232,0.044206,-0.01155,0.375776,-0.557238,0.740457,-0.477264,0.568536,0.670063,-0.794361,-0.605188,-0.052308,0.069196,-0.004495,-0.017624,-1.771741,0.300445,-1.212991,-0.923369,0.086353,0.039319,-0.063112,0.394649,-0.05412,-0.917236,0.46904,0.870266,0.15046,0.790097,-0.489599,0.368834,-0.051688,-0.001468,-0.038623,0.066857,-0.571891,-0.272226,0.230874
114,0.170721,-0.003027,0.307283,-0.190547,-0.037618,-0.98098,-0.541936,-0.82916,0.137008,-0.818313,0.557778,0.13883,-0.089404,-0.022328,-0.059922,-0.016378,-0.737099,-0.398617,0.370486,-0.201994,0.000107,0.316537,-0.264673,0.567753,0.779485,0.466932,-0.631675,0.618786,0.843998,0.527018,-0.09891,0.152161,-0.000533,-0.047459,-1.665967,0.380352,-0.832877,-1.397198,0.028041,0.044029,-0.012309,0.364312,-0.529307,0.766231,-0.574504,0.519821,0.632242,-0.732953,-0.670537,-0.114712,0.069315,-0.006454,-0.019897,-4.903211,-1.778197,-0.580541,-0.9219,0.084485,0.039041,-0.064431,0.377788,-0.021185,-0.925649,0.452551,0.876407,0.164643,0.807758,-0.481104,0.340683,-0.044695,-0.005173,-0.03349,0.002572,-0.972303,-0.492063,0.279698
115,0.167063,-0.003764,0.304967,-0.166795,-0.077364,-0.982975,-0.510661,-0.84601,0.153181,-0.843257,0.52761,0.102829,-0.089917,-0.01802,-0.0566,0.10038,-0.894941,-0.497631,0.37673,-0.196454,-0.000213,0.314577,-0.255571,0.551236,0.794239,0.543614,-0.597299,0.58962,0.799706,0.581742,-0.148019,0.137913,-0.007119,-0.053992,-4.586048,-2.214792,0.059365,-1.397402,0.030765,0.043881,-0.01326,0.350976,-0.516572,0.781004,-0.641411,0.475033,0.60244,-0.682207,-0.712387,-0.16461,0.069157,-0.009597,-0.023506,-0.337612,0.645646,0.109811,-0.922879,0.08269,0.03868,-0.065574,0.353303,0.014909,-0.935389,0.418211,0.891882,0.172177,0.836824,-0.452021,0.308869,-0.044869,-0.008519,-0.027703,1.569398,-1.480138,-0.747192,0.301579
116,0.165391,-0.00417,0.304039,-0.153939,-0.092843,-0.983732,-0.490486,-0.857066,0.157588,-0.857569,0.506876,0.087624,-0.075515,-0.026892,-0.046908,0.427576,-1.217746,0.329468,0.374825,-0.193879,-0.000377,0.313498,-0.252714,0.54856,0.797,0.569742,-0.581288,0.580889,0.782224,0.60018,-0.166653,0.138032,-0.009447,-0.056808,-1.521512,0.133583,-0.263343,-1.397035,0.032155,0.043792,-0.013841,0.348749,-0.512469,0.784697,-0.667304,0.452127,0.591849,-0.658087,-0.730038,-0.184294,0.069004,-0.00505,-0.028825,-1.559549,0.171564,-0.233584,-0.925982,0.081815,0.038468,-0.066061,0.339767,0.031406,-0.939984,0.396351,0.901577,0.173388,0.852914,-0.431475,0.293878,-0.044925,-0.013082,-0.022879,1.531417,-2.612034,1.729275,0.306314
117,0.162022,-0.005145,0.302415,-0.122623,-0.118876,-0.985331,-0.440328,-0.883213,0.1613,-0.889286,0.453792,0.057185,-0.09019,-0.031867,-0.032938,1.492013,-2.274471,2.228357,0.356464,-0.188883,-0.000529,0.31098,-0.260277,0.537802,0.801883,0.618617,-0.54465,0.566218,0.741554,0.64274,-0.191953,0.123749,-0.000572,-0.067241,-0.479281,0.476062,-0.29092,-1.39728,0.034606,0.043712,-0.015078,0.354742,-0.500201,0.789909,-0.708478,0.407484,0.576206,-0.610095,-0.764038,-0.209831,0.061559,0.004997,-0.038018,-1.465597,0.053598,-0.148974,-0.927288,0.080136,0.037979,-0.066881,0.309145,0.056809,-0.949316,0.345119,0.923464,0.16765,0.886183,-0.379455,0.265878,-0.037904,-0.016327,-0.017014,5.453697,-1.305866,-0.453152,0.297496
118,0.158757,-0.006372,0.301163,-0.097541,-0.133021,-0.986325,-0.388907,-0.90713,0.160747,-0.915992,0.399429,0.037979,-0.07604,-0.029105,-0.030928,0.144496,-0.286527,0.200966,0.315921,-0.18425,-0.000337,0.30814,-0.27135,0.524664,0.8069,0.66107,-0.5076,0.552505,0.699772,0.682663,-0.210128,0.10935,0.009335,-0.076548,-1.264317,-0.49212,-0.078722,-1.396978,0.036928,0.043803,-0.016496,0.362394,-0.486841,0.794767,-0.743001,0.363912,0.561708,-0.562688,-0.794073,-0.229844,0.054803,0.004389,-0.038258,-4.359443,-2.742766,0.881317,-0.929738,0.078498,0.037368,-0.067505,0.281457,0.067374,-0.957205,0.292622,0.943991,0.152486,0.913867,-0.323017,0.245978,-0.045275,-0.019862,-0.011006,0.472108,-0.249245,0.179012,0.256674
119,0.155594,-0.007655,0.300274,-0.082608,-0.137133,-0.987125,-0.341331,-0.926682,0.157246,-0.936218,0.350091,0.030973,-0.091003,-0.036402,-0.019229,0.455644,-0.132773,0.024437,0.279978,-0.180058,0.00011,0.305162,-0.273592,0.516486,0.811406,0.699887,-0.471628,0.536338,0.660006,0.713963,-0.233479,0.109876,0.011563,-0.075329,-0.101713,0.330104,0.083524,-1.397446,0.039023,0.04402,-0.017992,0.36354,-0.477015,0.800184,-0.775296,0.321296,0.543768,-0.516482,-0.818061,-0.253025,0.047845,0.0059,-0.03706,-0.439293,0.360035,0.085808,-0.941168,0.076923,0.03673,-0.067952,0.267159,0.069544,-0.961139,0.245867,0.959463,0.137764,0.931759,-0.273118,0.23923,-0.038115,-0.018109,-0.009496,1.626468,-0.435082,0.21726,0.201318
120,0.153985,-0.008344,0.299935,-0.078312,-0.138769,-0.987247,-0.320016,-0.934354,0.156665,-0.944087,0.32837,0.029993,-0.076459,-0.034919,-0.017984,0.108685,0.018431,-0.100037,0.264839,-0.178179,0.000382,0.303726,-0.276247,0.510463,0.814314,0.717915,-0.453576,0.528017,0.639203,0.729809,-0.242203,0.081585,0.013074,-0.071832,0.064808,0.201001,-0.149806,-1.396981,0.040003,0.044157,-0.01874,0.365037,-0.471602,0.802707,-0.78964,0.299893,0.535286,-0.493168,-0.829249,-0.262924,0.040831,0.006695,-0.035869,0.096765,0.146211,-0.175065,-0.941494,0.076084,0.036372,-0.068129,0.262841,0.070776,-0.962239,0.224278,0.965505,0.132279,0.938409,-0.250578,0.237901,-0.038183,-0.017248,-0.008691,0.103013,0.02209,-0.10284,0.176008
121,0.150748,-0.009788,0.299489,-0.071354,-0.139641,-0.987651,-0.294726,-0.942984,0.154564,-0.95284,0.302283,0.02736,-0.091442,-0.041487,-0.005385,-0.078471,0.165805,-0.283782,0.257794,-0.174938,0.000845,0.301207,-0.279347,0.503506,0.817581,0.749057,-0.418301,0.513684,0.600959,0.755257,-0.26134,0.083637,-0.002591,-0.049684,-0.004601,0.23827,-0.207428,-1.397287,0.041624,0.044381,-0.020008,0.366878,-0.464291,0.806122,-0.813694,0.259844,0.519983,-0.450889,-0.846707,-0.28246,0.041864,-0.001012,-0.02466,0.021974,0.185278,-0.240955,-0.947373,0.0745,0.035665,-0.068351,0.255903,0.070876,-0.9641,0.1995,0.971968,0.124408,0.945892,-0.224174,0.234589,-0.038331,-0.020994,-0.002896,-0.080023,0.045747,-0.094903,0.148576
122,0.147654,-0.011278,0.299262,-0.063948,-0.135756,-0.988699,-0.270069,-0.951377,0.148045,-0.96065,0.276647,0.025407,-0.076795,-0.038072,-0.002019,5.386619,-0.832733,-0.142027,0.251397,-0.172498,0.000883,0.299582,-0.284691,0.495013,0.820917,0.77799,-0.380866,0.499606,0.560299,0.780254,-0.277726,0.041904,-0.005946,-0.030035,-1.349148,-0.622206,0.195231,-1.397593,0.042844,0.044394,-0.020827,0.370332,-0.454991,0.809837,-0.8351,0.218698,0.504755,-0.406769,-0.863222,-0.298973,0.020988,-0.00255,-0.01461,-1.346792,-0.658552,0.185324,-0.952598,0.072947,0.034917,-0.068467,0.250109,0.066117,-0.965957,0.18181,0.976711,0.113928,0.950994,-0.204115,0.232263,-0.038411,-0.019225,-0.001161,-0.09358,-0.1065,0.126129,0.139758
123,0.146256,-0.012014,0.299245,-0.065089,-0.133152,-0.988979,-0.27148,-0.951307,0.145894,-0.960174,0.278144,0.027004,-0.076814,-0.03628,-0.000198,-0.070034,0.048441,-0.049392,0.243462,-0.171526,0.000669,0.299174,-0.28333,0.491024,0.823778,0.788923,-0.368902,0.491371,0.545496,0.788477,-0.283902,0.043764,-0.023514,-0.009204,-0.09967,0.251357,-0.360297,-1.397252,0.043298,0.044298,-0.021024,0.369006,-0.450814,0.812773,-0.843515,0.204768,0.49654,-0.390277,-0.868813,-0.304708,0.021477,-0.00566,-0.008129,-0.497354,0.423168,-0.823601,-0.956517,0.072249,0.034549,-0.068475,0.250838,0.063716,-0.965929,0.178056,0.977769,0.110736,0.951512,-0.199766,0.233916,-0.031123,-0.024358,0.003338,-0.116864,0.043162,-0.082338,0.130777
124,0.143847,-0.013367,0.299388,-0.06119,-0.12735,-0.989991,-0.269292,-0.952935,0.139174,-0.961051,0.275265,0.025249,-0.061595,-0.031441,0.005143,-0.068444,0.018533,0.004511,0.242235,-0.170326,0.000125,0.299122,-0.284863,0.472998,0.833737,0.808893,-0.347922,0.473897,0.514557,0.808781,-0.28455,0.015235,-0.011881,0.005823,-4.82975,-2.879007,0.280543,-1.397069,0.043925,0.044013,-0.021067,0.365654,-0.437471,0.821532,-0.857548,0.184768,0.480075,-0.361812,-0.880044,-0.307591,0.014812,-0.005003,0.003146,-1.310622,0.878732,-2.470396,-0.955537,0.071038,0.033868,-0.068409,0.247624,0.057586,-0.967142,0.177237,0.978694,0.103653,0.952506,-0.197081,0.232142,-0.023421,-0.016429,0.00189,-0.078441,-0.002696,-0.01068,0.121469
125,0.141937,-0.014503,0.299712,-0.060018,-0.126584,-0.990162,-0.272228,-0.952244,0.138184,-0.960299,0.277995,0.023925,-0.046077,-0.026233,0.011121,-0.073606,0.074631,-0.122794,0.249567,-0.170001,-0.000424,0.299762,-0.287198,0.43498,0.853406,0.827125,-0.336557,0.450031,0.483308,0.83455,-0.264205,-0.012556,-0.018183,0.021687,0.151479,-0.653776,-1.017876,-1.397467,0.044098,0.04375,-0.020744,0.362633,-0.39689,0.843193,-0.874993,0.166408,0.454637,-0.320755,-0.902655,-0.286931,0.000903,-0.007764,0.011501,0.118374,-0.955433,-0.849509,-0.956354,0.07006,0.033286,-0.068247,0.246347,0.056967,-0.967505,0.180511,0.978106,0.103553,0.952222,-0.200155,0.230671,-0.023003,-0.012855,0.005896,-0.075526,0.074787,-0.124343,0.123102
126,0.140633,-0.015342,0.300128,-0.058891,-0.125694,-0.990343,-0.274751,-0.95168,0.137072,-0.959651,0.28032,0.022745,-0.030698,-0.023139,0.014823,-0.068913,-0.048079,0.073713,0.259607,-0.170356,-0.001136,0.300741,-0.288975,0.380964,0.878267,0.843812,-0.331799,0.421693,0.452393,0.862446,-0.226693,-0.012555,-0.015704,0.024314,0.53369,-1.20808,-0.454359,-1.397198,0.043921,0.0434,-0.020248,0.35365,-0.344067,0.869798,-0.890895,0.159449,0.425301,-0.28502,-0.925307,-0.250139,-0.005864,-0.013399,0.016138,1.243667,-2.2126,1.007272,-0.948843,0.069426,0.032883,-0.068043,0.24534,0.055982,-0.967819,0.183207,0.977664,0.102994,0.951968,-0.202579,0.229603,-0.015285,-0.01114,0.007933,-0.073688,0.060422,-0.093539,0.134532
127,0.140288,-0.015624,0.300334,-0.057167,-0.124169,-0.990636,-0.275897,-0.951624,0.135147,-0.959429,0.281188,0.021377,-0.015274,-0.011012,0.008047,-0.036297,0.030003,-0.046608,0.260542,-0.170756,-0.001589,0.301254,-0.290759,0.353402,0.889133,0.850926,-0.329209,0.409244,0.437677,0.875108,-0.206125,-0.026069,-0.030186,0.030115,0.143024,-0.6019,-1.246178,-1.397377,0.043716,0.043174,-0.019976,0.350424,-0.315323,0.881914,-0.897343,0.156693,0.412579,-0.268286,-0.935958,-0.228044,-0.013035,-0.015094,0.015002,0.146236,-0.612745,-1.271516,-0.948843,0.069236,0.03273,-0.067931,0.243793,0.054293,-0.968305,0.184808,0.977535,0.10134,0.952055,-0.203657,0.228282,-0.007609,-0.005283,0.004296,-0.037391,0.031261,-0.048195,0.139921
128,0.140108,-0.01597,0.300703,-0.055327,-0.12244,-0.990955,-0.27742,-0.951484,0.132998,-0.9591,0.282416,0.01991,0.000397,0.002494,0.002861,0.000537,-0.015607,0.024222,0.253294,-0.171901,-0.002621,0.302208,-0.304449,0.29413,0.905975,0.856681,-0.331079,0.395497,0.416633,0.896145,-0.152328,-0.040547,-0.033402,0.02804,1.135595,-2.182677,0.799464,-1.397452,0.043159,0.042674,-0.019507,0.351827,-0.257827,0.899857,-0.903828,0.15654,0.398231,-0.243539,-0.953425,-0.177956,-0.013506,-0.010485,0.010002,0.183835,-0.514187,-1.146234,-0.949496,0.069146,0.032557,-0.067745,0.242189,0.052426,-0.968811,0.186753,0.977347,0.099573,0.952085,-0.205044,0.226912,-2e-06,-0.004728,0.005044,-0.035913,0.015613,-0.017374,0.139105
129,0.140507,-0.016075,0.300887,-0.052902,-0.120129,-0.991371,-0.278197,-0.951657,0.130108,-0.959014,0.282823,0.018159,0.015163,0.000765,0.001107,0.000984,-0.014715,0.029553,0.241171,-0.173453,-0.003875,0.303143,-0.321116,0.245533,0.914653,0.85712,-0.335221,0.391031,0.403,0.9092,-0.103969,-0.026307,-0.035528,0.024459,0.895859,-1.975391,1.522827,-1.397701,0.042393,0.042063,-0.019047,0.358862,-0.206357,0.910293,-0.905165,0.16108,0.393356,-0.227801,-0.965126,-0.128982,-0.020786,-0.012424,0.008623,0.362219,-1.079842,-0.363455,-0.940352,0.069341,0.032511,-0.067647,0.240041,0.049911,-0.969478,0.188088,0.977361,0.096887,0.952366,-0.205604,0.225219,0.007615,0.000624,0.000828,0.000602,-0.0145,0.029391,0.124898
130,0.140892,-0.01606,0.300893,-0.053571,-0.11763,-0.991634,-0.272308,-0.953672,0.127784,-0.960665,0.277016,0.020293,0.030273,0.010816,-0.008066,0.085281,-0.023787,0.092317,0.225449,-0.174186,-0.004533,0.303603,-0.329633,0.222383,0.91754,0.857215,-0.336573,0.38966,0.395863,0.914669,-0.080851,-0.041612,-0.024536,0.017566,0.195601,-1.030318,-0.583703,-1.397824,0.042017,0.041715,-0.018807,0.365183,-0.18202,0.912967,-0.904523,0.162575,0.394218,-0.220182,-0.969761,-0.105271,-0.020404,-0.018072,0.012554,0.238805,-0.863985,0.248634,-0.939209,0.069528,0.032515,-0.067639,0.241165,0.047233,-0.969334,0.182683,0.978749,0.093143,0.953134,-0.199544,0.227411,0.007583,0.000403,0.000566,0.147809,-0.046555,0.052678,0.113795
131,0.141848,-0.016058,0.30086,-0.051963,-0.116846,-0.991813,-0.266601,-0.955457,0.126478,-0.962354,0.27113,0.019733,0.015017,-9.2e-05,9.8e-05,0.000985,-0.01471,0.029556,0.196482,-0.175712,-0.005901,0.304487,-0.346877,0.169682,0.92243,0.854388,-0.348352,0.385494,0.387153,0.921593,-0.025313,-0.041778,-0.026106,0.015869,0.880181,-2.91776,1.57558,-1.397664,0.041264,0.041046,-0.018372,0.370415,-0.13053,0.919648,-0.904596,0.174153,0.389071,-0.210945,-0.976028,-0.053568,-0.020515,-0.01918,0.011389,0.131144,-1.248464,-0.605079,-0.931534,0.07,0.032521,-0.067657,0.23945,0.04658,-0.96979,0.177206,0.979973,0.090823,0.954599,-0.1936,0.2264,0.014974,-0.000378,-0.00024,-0.002577,0.077422,-0.109095,0.077054
132,0.1428,-0.0161,0.300839,-0.052762,-0.114232,-0.992075,-0.260735,-0.957392,0.124052,-0.963916,0.265351,0.021965,0.029913,-0.000919,-0.000682,0.002105,-0.028399,0.059766,0.17562,-0.177013,-0.007191,0.305239,-0.365849,0.107146,0.924481,0.852284,-0.360258,0.379156,0.374113,0.926476,0.039303,-0.027454,-0.026401,0.01427,0.251374,-1.512202,-0.134172,-1.397987,0.040598,0.040386,-0.017989,0.378415,-0.061185,0.923611,-0.904464,0.187747,0.383008,-0.19684,-0.980309,0.015707,-0.020615,-0.0194,0.01115,0.404192,-2.093567,0.149526,-0.921737,0.070482,0.032499,-0.067669,0.240512,0.043928,-0.969651,0.171827,0.981271,0.087074,0.955316,-0.187555,0.228459,0.007546,0.000211,0.000321,-0.002028,-0.024676,0.022743,0.042763
133,0.143634,-0.016092,0.300842,-0.057408,-0.10629,-0.992699,-0.260071,-0.958386,0.117603,-0.963824,0.26505,0.028612,0.015032,9e-05,0.000272,0.012755,0.075605,0.087422,0.164173,-0.178102,-0.00834,0.306044,-0.385201,0.04338,0.921808,0.848197,-0.376688,0.372292,0.363845,0.925204,0.107128,-0.026627,-0.032958,0.027176,0.288072,-1.561345,-0.488723,-1.397313,0.040053,0.039806,-0.017599,0.386494,0.003585,0.922284,-0.903103,0.204388,0.377662,-0.18715,-0.978883,0.082232,-0.013318,-0.016153,0.013948,0.300782,-1.271401,-0.050141,-0.921573,0.070905,0.032504,-0.067666,0.245911,0.036094,-0.968619,0.172363,0.981751,0.080342,0.953843,-0.186711,0.235202,0.007533,0.000155,0.000247,0.006051,0.056098,0.07573,0.017943
134,0.143964,-0.016074,0.300866,-0.060772,-0.101301,-0.993021,-0.259661,-0.958973,0.113665,-0.963724,0.264877,0.033211,0.015148,0.000906,0.001197,0.032506,0.229107,0.185779,0.161732,-0.178551,-0.008909,0.306528,-0.399658,0.026243,0.916284,0.835419,-0.400798,0.375991,0.377591,0.915694,0.137087,-0.012145,-0.032108,0.026849,0.18657,-1.294595,0.008256,-1.396933,0.039819,0.039511,-0.017345,0.39693,0.02578,0.917486,-0.895352,0.230832,0.380868,-0.201967,-0.972651,0.114706,-0.006086,-0.015982,0.013503,0.177443,-1.271708,0.009536,-0.919124,0.071069,0.032512,-0.067656,0.249053,0.031872,-0.967965,0.172681,0.981981,0.076764,0.95297,-0.186267,0.239062,0.007609,0.000691,0.00086,0.047296,0.317362,0.241694,0.011248
135,0.144459,-0.015996,0.300959,-0.065692,-0.093701,-0.993453,-0.259086,-0.959826,0.107608,-0.96355,0.26457,0.040014,0.015321,0.002152,0.002608,0.030073,0.213392,0.175719,0.154667,-0.179074,-0.009995,0.307397,-0.430013,-0.006318,0.902796,0.800564,-0.46476,0.378193,0.41771,0.885362,0.203754,-0.012966,-0.021595,0.018122,0.457341,-1.491204,-0.135818,-1.31455,0.039562,0.038979,-0.016913,0.420902,0.061426,0.905023,-0.872679,0.299673,0.38552,-0.24753,-0.952062,0.179739,0.001139,-0.016076,0.012784,0.800024,-1.62875,0.000334,-0.901652,0.071316,0.032549,-0.067612,0.254349,0.024725,-0.966795,0.173293,0.982328,0.070713,0.951459,-0.185525,0.245569,0.000276,0.0019,0.002159,0.046026,0.305721,0.229198,0.000961
136,0.144759,-0.015874,0.301117,-0.066859,-0.090698,-0.993655,-0.258953,-0.96015,0.10501,-0.963505,0.264438,0.041945,0.000552,0.003828,0.004364,0.000186,0.001475,0.000945,0.147549,-0.178994,-0.011032,0.308342,-0.460347,-0.027898,0.887296,0.755996,-0.536101,0.375499,0.465759,0.84367,0.266745,0.001612,-0.019615,0.019008,1.909435,-1.14953,0.317103,-1.085071,0.039597,0.038459,-0.016441,0.446425,0.088428,0.89044,-0.842568,0.37661,0.385023,-0.301302,-0.922141,0.242635,0.008429,-0.015175,0.013391,5.201987,0.736334,1.420623,-0.776734,0.071472,0.03261,-0.067533,0.256078,0.021411,-0.966418,0.173748,0.982452,0.067805,0.950912,-0.185277,0.247864,0.007756,0.001787,0.002105,-0.001618,-0.045353,0.044406,-0.00949
137,0.144839,-0.015785,0.301217,-0.066836,-0.090655,-0.99366,-0.258954,-0.960155,0.104963,-0.963506,0.264434,0.041935,0.000697,0.004844,0.005516,0.000573,-0.015577,0.02424,0.146766,-0.178845,-0.011545,0.308804,-0.473656,-0.039264,0.879829,0.737299,-0.563934,0.371889,0.482135,0.824879,0.29493,0.00161,-0.019761,0.018863,0.822952,-1.29497,0.06588,-0.962079,0.039672,0.038203,-0.016209,0.457335,0.102793,0.883333,-0.829002,0.408789,0.381635,-0.321867,-0.906821,0.272169,0.00118,-0.015306,0.013629,1.880748,-0.979867,0.350503,-0.710438,0.071512,0.032653,-0.067484,0.25596,0.02149,-0.966448,0.173755,0.982447,0.067864,0.950943,-0.185295,0.247733,0.000321,0.002248,0.002556,-0.000176,-0.002414,-0.00157,-0.013572
138,0.144864,-0.015615,0.301427,-0.067237,-0.091012,-0.9936,-0.258959,-0.960104,0.105414,-0.963476,0.264497,0.042223,0.000705,0.004905,0.005575,0.000571,-0.015598,0.024227,0.146762,-0.178467,-0.01236,0.309675,-0.494727,-0.062295,0.866808,0.703388,-0.614344,0.357437,0.510849,0.7866,0.346635,0.016299,-0.015547,0.022077,0.847358,-1.325743,0.145157,-0.913654,0.039861,0.037783,-0.015772,0.474132,0.130571,0.870717,-0.804703,0.465571,0.368369,-0.357283,-0.875325,0.325813,0.008133,-0.007603,0.011189,0.88818,-1.396988,0.112838,-0.673535,0.071525,0.032741,-0.067376,0.256286,0.021885,-0.966352,0.173667,0.982432,0.068308,0.950871,-0.18533,0.247982,0.000351,0.002454,0.002788,0.000813,-0.015646,0.024133,-0.016348
139,0.144881,-0.015507,0.301565,-0.067483,-0.09123,-0.993564,-0.258972,-0.96007,0.105691,-0.963455,0.264545,0.042399,0.000285,0.001984,0.002252,0.0,0.0,0.0,0.14872,-0.177917,-0.013161,0.310696,-0.517449,-0.093944,0.850536,0.675027,-0.655558,0.3384,0.526412,0.749347,0.401538,0.01708,-0.02684,0.03003,0.490132,-1.502163,-0.549874,-0.908316,0.04013,0.037397,-0.015268,0.49073,0.164336,0.855673,-0.784099,0.511546,0.351436,-0.379963,-0.843393,0.379887,0.008134,-0.007104,0.011703,0.645663,-1.783122,-0.671443,-0.740157,0.071534,0.032799,-0.067302,0.256505,0.022126,-0.966288,0.17362,0.982421,0.068583,0.95082,-0.185359,0.248155,0.00013,0.000916,0.001038,0.000167,-1.4e-05,-6.8e-05,-0.015532
140,0.144894,-0.015491,0.301584,-0.067749,-0.091466,-0.993524,-0.258958,-0.960041,0.105988,-0.963439,0.26457,0.042593,-7.3e-05,-0.000506,-0.000574,0.0,0.0,0.0,0.151155,-0.177246,-0.014001,0.311875,-0.541675,-0.139693,0.828894,0.651106,-0.693284,0.308792,0.53218,0.70713,0.465419,0.017171,-0.024344,0.032636,0.761784,-2.021218,-0.848183,-0.923332,0.040472,0.036967,-0.014669,0.50637,0.214415,0.835233,-0.767346,0.553935,0.32301,-0.393407,-0.804476,0.445026,0.008537,-0.01208,0.016381,0.774263,-2.052771,-0.868753,-0.80629,0.071541,0.032808,-0.067292,0.256744,0.022385,-0.966219,0.173544,0.982414,0.068874,0.95077,-0.185365,0.248344,-6.3e-05,-0.000437,-0.000499,0.000113,-2.9e-05,-4.6e-05,-0.014062
141,0.144913,-0.015507,0.30155,-0.067876,-0.091576,-0.993505,-0.258926,-0.960034,0.106127,-0.963439,0.264556,0.04269,-0.000124,-0.000863,-0.000979,0.0,0.0,0.0,0.152045,-0.17677,-0.014467,0.312507,-0.555534,-0.167815,0.814378,0.63917,-0.712519,0.289331,0.53238,0.681463,0.502038,0.031773,-0.023349,0.032416,1.262412,-2.073799,-0.687603,-0.959321,0.04071,0.036733,-0.014353,0.514792,0.245084,0.821536,-0.759188,0.575492,0.30404,-0.398273,-0.780219,0.482324,0.015841,-0.011589,0.016265,1.284359,-2.112315,-0.709973,-0.843684,0.07155,0.032799,-0.06731,0.256858,0.022507,-0.966186,0.173484,0.982416,0.069005,0.95075,-0.185342,0.248436,-8.7e-05,-0.000604,-0.000688,9.6e-05,-1.6e-05,-3.6e-05,-0.013082
142,0.14497,-0.015572,0.301461,-0.068176,-0.091827,-0.993461,-0.258885,-0.96001,0.106447,-0.963429,0.264558,0.042915,-0.000302,-0.002105,-0.002391,-0.000571,0.015599,-0.024226,0.150061,-0.175605,-0.01556,0.313942,-0.588386,-0.224533,0.776775,0.613366,-0.749801,0.248021,0.527455,0.622657,0.577887,0.032645,-0.033034,0.042041,5.076808,-0.726179,2.555271,-1.061819,0.041292,0.036187,-0.013635,0.535972,0.310759,0.78496,-0.741944,0.617009,0.262332,-0.402806,-0.722999,0.561265,0.016375,-0.016585,0.021049,5.126548,-0.790331,2.505348,-0.929085,0.071578,0.032766,-0.067355,0.257113,0.022768,-0.966113,0.173382,0.982414,0.069294,0.9507,-0.185323,0.248643,-8e-05,-0.000575,-0.000656,6e-05,-2.1e-05,6e-06,-0.012102
143,0.144977,-0.015591,0.301409,-0.068448,-0.092073,-0.99342,-0.25882,-0.959994,0.106755,-0.963426,0.264533,0.043116,-7.3e-05,-0.000507,-0.000576,0.0,0.0,0.0,0.148692,-0.174367,-0.016934,0.315716,-0.62446,-0.27483,0.731101,0.588935,-0.780427,0.209816,0.513672,0.561937,0.648252,0.033553,-0.042347,0.052069,0.762972,-1.994283,-0.585607,-1.107557,0.041912,0.0355,-0.012748,0.562729,0.366544,0.740932,-0.722562,0.653498,0.225487,-0.401547,-0.662258,0.632593,0.016737,-0.021034,0.026146,0.679465,-1.886709,-0.530571,-0.926145,0.071581,0.032753,-0.067385,0.257369,0.023054,-0.966037,0.173252,0.982414,0.069602,0.950654,-0.185282,0.248849,-3.9e-05,-0.000277,-0.000317,3.5e-05,-1.8e-05,-4e-06,-0.014389
144,0.144978,-0.015577,0.301409,-0.068638,-0.092248,-0.99339,-0.258785,-0.959979,0.106972,-0.963422,0.264526,0.043256,0.000165,0.00115,0.001307,0.000571,-0.015601,0.024225,0.148267,-0.173795,-0.017649,0.316719,-0.641162,-0.284978,0.712524,0.572574,-0.795761,0.197122,0.511608,0.534718,0.672456,0.018194,-0.029191,0.047255,0.874612,-1.415492,0.308227,-1.10789,0.042191,0.035151,-0.012267,0.576409,0.381159,0.722821,-0.710188,0.67121,0.212392,-0.404209,-0.635763,0.657586,0.016795,-0.01993,0.027299,1.811892,-1.325975,0.784673,-0.89414,0.071581,0.032757,-0.067388,0.257539,0.023244,-0.965987,0.173175,0.982413,0.069809,0.950622,-0.185264,0.248985,8.8e-05,0.000614,0.000698,0.000594,-0.01562,0.024194,-0.014552
145,0.144968,-0.015564,0.301423,-0.068733,-0.092336,-0.993376,-0.25878,-0.959968,0.107083,-0.963417,0.264535,0.043324,4e-06,2.6e-05,3e-05,0.0,0.0,0.0,0.150002,-0.172919,-0.018905,0.318749,-0.655158,-0.311262,0.688386,0.567397,-0.804261,0.176519,0.499501,0.506628,0.70263,0.018252,-0.026239,0.050238,0.32653,-0.933083,0.044014,-1.055359,0.042629,0.034521,-0.011253,0.585493,0.409398,0.699707,-0.706481,0.680987,0.192716,-0.397594,-0.607164,0.687946,0.009099,-0.012843,0.025391,0.369865,-0.78008,-0.065062,-0.885813,0.071577,0.032767,-0.067377,0.257623,0.02334,-0.965963,0.17315,0.98241,0.069917,0.950604,-0.185268,0.24905,2e-06,1.2e-05,1.4e-05,2.4e-05,8e-06,-2.4e-05,-0.015205
146,0.144968,-0.01557,0.301416,-0.068859,-0.09245,-0.993356,-0.258774,-0.959954,0.107226,-0.96341,0.264547,0.043415,-2.8e-05,-0.000194,-0.00022,0.0,0.0,0.0,0.155859,-0.172428,-0.019803,0.320633,-0.661725,-0.316726,0.679555,0.562818,-0.808583,0.171357,0.496015,0.496257,0.712433,0.003628,-0.027436,0.050236,-0.091123,-0.23084,0.29211,-0.784726,0.042882,0.034069,-0.010287,0.591178,0.417224,0.69024,-0.702855,0.686269,0.187158,-0.395604,-0.595782,0.698956,0.00178,-0.013731,0.025097,-0.151181,-0.154795,0.342291,-0.772652,0.071577,0.032765,-0.06738,0.257736,0.023464,-0.965929,0.173115,0.982406,0.070056,0.950579,-0.185273,0.249139,9.3e-05,0.005547,-0.004095,0.035394,-0.014939,0.017211,-0.010796
147,0.144989,-0.015569,0.301402,-0.068828,-0.092418,-0.993361,-0.25875,-0.959965,0.107186,-0.963418,0.264518,0.043397,-0.0,-2e-06,-2e-06,0.0,0.0,0.0,0.158676,-0.172312,-0.020556,0.32215,-0.664133,-0.319392,0.675949,0.562789,-0.808676,0.171014,0.492819,0.494396,0.715936,-0.012738,-0.010268,0.029883,0.071922,-0.225688,-0.161381,-0.506004,0.042944,0.033701,-0.009534,0.593232,0.418713,0.687571,-0.70252,0.686336,0.18817,-0.393116,-0.594662,0.701311,0.001323,-0.010894,0.018201,0.153223,-0.455843,-0.076682,-0.600381,0.071588,0.032765,-0.067388,0.257709,0.02343,-0.965937,0.173099,0.982412,0.070012,0.95059,-0.185245,0.24912,0.007421,-0.000486,-0.000486,0.001,-0.014717,0.029534,-0.005571
148,0.145,-0.015578,0.301408,-0.068936,-0.092508,-0.993346,-0.258769,-0.959946,0.107302,-0.963405,0.264554,0.043474,-0.0,-0.0,-0.0,0.0,0.0,0.0,0.158422,-0.172295,-0.020809,0.322729,-0.664851,-0.321375,0.674302,0.563446,-0.808334,0.170463,0.491095,0.493671,0.717619,0.001845,-0.011396,0.02743,0.205129,-0.442281,-0.290803,-0.416221,0.042946,0.033579,-0.009254,0.593643,0.419482,0.686747,-0.70289,0.685816,0.188684,-0.391833,-0.594719,0.70198,0.000892,-0.006188,0.013218,-0.079236,0.020878,-0.001999,-0.562824,0.071587,0.03276,-0.067385,0.25782,0.023549,-0.965905,0.173091,0.982404,0.070153,0.950561,-0.185276,0.249207,-1e-06,5e-06,7e-06,1.4e-05,-1.1e-05,-3e-06,-0.004754
149,0.145012,-0.01557,0.301401,-0.068906,-0.09248,-0.99335,-0.258746,-0.959957,0.107266,-0.963414,0.264525,0.043455,-0.0,-0.0,-0.0,0.0,0.0,0.0,0.158192,-0.172287,-0.021164,0.323499,-0.668385,-0.331932,0.665638,0.565162,-0.808359,0.164564,0.484271,0.486605,0.727022,0.000925,-0.005513,0.013892,-1.069794,-2.278278,1.33791,-0.290588,0.042951,0.033398,-0.008851,0.593289,0.431799,0.67938,-0.705017,0.686063,0.179631,-0.388533,-0.585547,0.71146,0.000859,-0.008703,0.010672,0.364704,-0.657255,-0.440312,-0.551067,0.071599,0.032764,-0.067388,0.257779,0.023499,-0.965917,0.173079,0.98241,0.070091,0.950575,-0.185248,0.249177,-3e-06,2e-06,5e-06,1.2e-05,-2.1e-05,-7e-06,-0.004754
150,0.145034,-0.015555,0.301388,-0.068955,-0.092524,-0.993343,-0.258692,-0.959965,0.107319,-0.963424,0.264479,0.043497,-0.0,-0.0,-0.0,0.0,0.0,0.0,0.157935,-0.172412,-0.021429,0.323873,-0.678423,-0.351426,0.645162,0.565761,-0.810045,0.153867,0.469372,0.469838,0.747533,1e-05,0.000696,0.000701,0.5296,-0.945297,-0.344429,-0.202453,0.042889,0.033264,-0.008659,0.601658,0.452315,0.658344,-0.705237,0.687801,0.17196,-0.37503,-0.56775,0.73281,-0.006887,-0.005567,0.004757,0.246608,-0.536507,-0.15186,-0.440519,0.07161,0.032772,-0.067395,0.257823,0.023546,-0.965904,0.173016,0.982418,0.070131,0.950574,-0.185198,0.249216,-5e-06,2e-06,5e-06,8e-06,-2.9e-05,-1.7e-05,-0.004754
151,0.145046,-0.015539,0.301375,-0.06891,-0.092486,-0.993349,-0.258644,-0.959984,0.107269,-0.963441,0.264425,0.043469,-0.0,-0.0,-0.0,0.0,0.0,0.0,0.158211,-0.172464,-0.021465,0.323914,-0.686292,-0.3617,0.631005,0.564443,-0.811933,0.148671,0.459404,0.458656,0.760556,1e-06,5.1e-05,5.1e-05,0.34603,-0.743874,-0.155003,-0.171082,0.042863,0.033243,-0.008641,0.6074,0.466068,0.643307,-0.704498,0.690232,0.165111,-0.367078,-0.553498,0.747591,-1.1e-05,-0.00015,-0.000151,0.343625,-1.012461,-0.135213,-0.401493,0.071616,0.03278,-0.067401,0.257783,0.023505,-0.965916,0.172977,0.982429,0.070071,0.950592,-0.185144,0.249188,-5e-06,1e-06,4e-06,8e-06,-3.3e-05,-1.7e-05,-0.004918
152,0.14509,-0.015513,0.301342,-0.068915,-0.092488,-0.993349,-0.258541,-0.960012,0.107267,-0.963468,0.264323,0.043484,-4.5e-05,-0.000315,-0.000358,0.0,0.0,0.0,0.157707,-0.172662,-0.021496,0.323886,-0.701036,-0.388389,0.598076,0.560855,-0.818188,0.12627,0.44116,0.424446,0.790624,-2.4e-05,-0.001521,-0.001532,0.744378,-1.314579,-0.347904,-0.104096,0.042763,0.033227,-0.008656,0.617031,0.493873,0.612667,-0.701871,0.697463,0.144643,-0.355878,-0.519263,0.776991,-0.006903,-0.006787,0.003528,0.525401,-1.002308,-0.214666,-0.331441,0.071638,0.032793,-0.067417,0.257786,0.023508,-0.965915,0.172876,0.982449,0.070048,0.95061,-0.18504,0.249198,-3.2e-05,-0.000205,-0.000233,1.3e-05,-2e-05,-6e-06,-0.004754
153,0.145165,-0.015516,0.301292,-0.068821,-0.092389,-0.993364,-0.25847,-0.960045,0.107143,-0.963493,0.264238,0.043429,-6.5e-05,-0.000454,-0.000516,0.0,0.0,0.0,0.156606,-0.173191,-0.021612,0.323801,-0.701012,-0.434895,0.565191,0.583787,-0.805073,0.104804,0.410306,0.403972,0.817508,-0.014656,-0.003003,-0.001751,0.585732,-1.242077,-0.222466,-0.016277,0.042504,0.033167,-0.008701,0.608358,0.541297,0.580428,-0.722169,0.680883,0.121939,-0.329199,-0.49335,0.805129,-0.014636,-0.002001,-0.000733,0.08944,-0.83259,-0.316773,-0.250449,0.071676,0.032791,-0.067442,0.257705,0.023401,-0.96594,0.172827,0.982468,0.06991,0.950641,-0.184956,0.249142,-3.9e-05,-0.000277,-0.000316,6e-06,1.8e-05,7e-06,-0.005244
154,0.145239,-0.015533,0.301242,-0.068869,-0.092412,-0.993359,-0.258416,-0.960055,0.107176,-0.963504,0.26419,0.043474,0.014788,-0.001373,-0.001429,0.000984,-0.014715,0.029553,0.156504,-0.174102,-0.021646,0.323818,-0.699888,-0.476874,0.531732,0.604451,-0.791996,0.085533,0.381205,0.381875,0.841853,-0.029216,-0.000356,0.002169,0.638819,-1.163909,-0.137749,0.077413,0.042054,0.033144,-0.008699,0.599479,0.583162,0.54822,-0.740202,0.664519,0.102539,-0.304506,-0.467264,0.830024,-0.014601,-1.1e-05,0.001271,0.29738,-0.778234,0.013647,-0.148392,0.071707,0.032783,-0.067467,0.257763,0.023448,-0.965923,0.172761,0.982476,0.069953,0.950637,-0.184905,0.249195,-3.2e-05,-0.000222,-0.000253,-2e-06,-1.2e-05,8e-06,-0.006224
155,0.14526,-0.015546,0.301228,-0.068868,-0.092404,-0.99336,-0.258416,-0.960056,0.107168,-0.963504,0.26419,0.043476,-5.1e-05,-0.000359,-0.000408,0.0,0.0,0.0,0.155923,-0.174715,-0.021644,0.323889,-0.695385,-0.499678,0.516481,0.619005,-0.781505,0.077565,0.365733,0.374276,0.852068,-0.029194,0.000515,0.003028,-0.24048,-1.204231,-1.461905,0.127462,0.041748,0.033145,-0.008664,0.591899,0.604285,0.533381,-0.751502,0.652974,0.094175,-0.291376,-0.456579,0.840616,-0.021915,0.000321,0.002175,-2.569843,-1.074825,-4.522789,-0.088301,0.071723,0.032776,-0.067475,0.257748,0.02342,-0.965928,0.172768,0.982477,0.069923,0.95064,-0.184903,0.249186,-2.3e-05,-0.000165,-0.000189,-5e-06,-3e-06,1.9e-05,-0.006224
156,0.145302,-0.015566,0.301205,-0.06885,-0.092373,-0.993364,-0.258417,-0.96006,0.107134,-0.963505,0.264187,0.043467,-4e-05,-0.000277,-0.000316,0.0,0.0,0.0,0.152786,-0.176104,-0.021588,0.324065,-0.690009,-0.534994,0.487504,0.641923,-0.76343,0.071011,0.335036,0.362618,0.869553,-0.029168,0.00103,0.003505,0.382773,-0.732069,0.16501,0.207766,0.041042,0.033176,-0.008572,0.57904,0.640819,0.504046,-0.771951,0.629828,0.086071,-0.262306,-0.438937,0.859376,-0.014584,0.000532,0.001797,0.413005,-0.755005,0.153089,0.025512,0.071744,0.032766,-0.067486,0.257734,0.023389,-0.965932,0.172774,0.982478,0.06989,0.950642,-0.184901,0.249177,-2.3e-05,-0.000154,-0.000175,-1e-05,-1.9e-05,1.6e-05,-0.008184
157,0.145302,-0.015566,0.301205,-0.068961,-0.092472,-0.993347,-0.258411,-0.960047,0.107259,-0.963499,0.264198,0.043547,-0.0,-0.0,-0.0,0.0,0.0,0.0,0.151497,-0.177539,-0.021611,0.324165,-0.684394,-0.561764,0.464776,0.660387,-0.747709,0.068945,0.309631,0.354832,0.882092,-0.029242,-0.001647,0.00077,0.212487,-0.442202,0.075151,0.320979,0.040336,0.033169,-0.008519,0.568378,0.666658,0.482195,-0.787331,0.610846,0.083527,-0.238863,-0.427122,0.872072,-0.021933,-0.001245,0.000597,0.227726,-0.508953,-0.08683,0.164799,0.071744,0.032766,-0.067486,0.257832,0.023497,-0.965903,0.172745,0.982475,0.070011,0.950621,-0.184906,0.249255,2e-06,1.1e-05,1.2e-05,-1.5e-05,-2.7e-05,1.3e-05,-0.01047
158,0.145303,-0.01556,0.301212,-0.068945,-0.092458,-0.993349,-0.258412,-0.960049,0.107241,-0.9635,0.264196,0.043535,1.4e-05,0.000101,0.000115,0.0,0.0,0.0,0.150362,-0.178296,-0.021662,0.324177,-0.683458,-0.568547,0.457854,0.665523,-0.742933,0.071159,0.300541,0.354069,0.885536,-0.029289,-0.00292,-0.000532,0.050627,-0.19291,0.235607,0.35993,0.039957,0.033145,-0.008511,0.566004,0.673841,0.47495,-0.791655,0.60502,0.085046,-0.230047,-0.424133,0.875893,-0.022319,0.004264,-0.003594,0.046542,-0.153526,0.272083,0.230932,0.071744,0.032769,-0.067483,0.257818,0.023481,-0.965908,0.17275,0.982475,0.069994,0.950624,-0.184906,0.249244,7e-06,5.6e-05,6.3e-05,-1.2e-05,4e-06,-1e-05,-0.011449
159,0.14527,-0.015552,0.30122,-0.068978,-0.092499,-0.993343,-0.25841,-0.960044,0.107289,-0.963498,0.2642,0.043556,-0.014833,0.001065,0.00108,-0.000984,0.014715,-0.029553,0.147398,-0.179747,-0.021814,0.324143,-0.681002,-0.57547,0.452837,0.67089,-0.738085,0.071209,0.294095,0.353028,0.888112,-0.044003,-0.005326,-0.001814,0.005161,-0.039763,0.058907,0.422659,0.039238,0.03307,-0.008527,0.56258,0.679891,0.470373,-0.795854,0.599431,0.085429,-0.223874,-0.42241,0.878322,-0.014688,-0.002301,-0.001108,0.000476,-0.057155,0.122653,0.329396,0.071728,0.032773,-0.067478,0.257847,0.023524,-0.965899,0.172739,0.982474,0.070041,0.950618,-0.184908,0.249264,-0.007417,0.00053,0.000536,-0.000991,0.014707,-0.029564,-0.014062
209,0.146149,-0.015274,0.300982,-0.069949,-0.094132,-0.993122,-0.2516,-0.96168,0.108819,-0.965227,0.257592,0.044822,-8.4e-05,-0.000604,-0.000687,0.0,0.0,0.0,0.123643,-0.175364,-0.019475,0.34201,0.217478,-0.865788,0.450671,0.975581,0.207132,-0.072602,-0.030782,0.456534,0.889096,0.013387,0.007127,-0.013112,-0.259035,0.446763,0.331376,-0.53814,0.041407,0.034239,0.000415,-0.374505,0.799802,0.469106,-0.920445,-0.381745,-0.08397,0.11192,-0.463234,0.87914,0.006704,0.003714,-0.006441,0.118182,-0.04944,0.175705,-0.546985,0.072167,0.032914,-0.067596,0.258654,0.025244,-0.965639,0.165672,0.983686,0.070092,0.951656,-0.178109,0.250252,-5.5e-05,-0.000409,-0.000466,-1.8e-05,1e-05,1.2e-05,-0.051945
210,0.146149,-0.015274,0.300982,-0.069949,-0.094132,-0.993122,-0.2516,-0.96168,0.108819,-0.965227,0.257592,0.044822,-1e-06,-9e-06,-1e-05,0.0,0.0,0.0,0.123268,-0.17508,-0.01938,0.341754,0.183236,-0.871712,0.454459,0.982904,0.170508,-0.068993,-0.017596,0.460418,0.887451,0.013361,0.005778,-0.014333,2.224404,0.011555,5.405288,-0.752626,0.041544,0.034283,0.000291,-0.346896,0.809726,0.473292,-0.932285,-0.352846,-0.07965,0.102505,-0.468874,0.877296,0.007088,-0.002774,-0.0031,0.043118,0.027908,0.163511,-0.694109,0.072167,0.032912,-0.067598,0.258654,0.025244,-0.965639,0.165671,0.983686,0.070093,0.951656,-0.178108,0.250252,1e-06,-1e-06,-2e-06,-1.9e-05,3e-06,2.6e-05,-0.051945
211,0.146149,-0.015274,0.300982,-0.069949,-0.094132,-0.993122,-0.2516,-0.96168,0.108819,-0.965227,0.257592,0.044822,-0.0,-0.0,-0.0,0.0,0.0,0.0,0.124078,-0.174725,-0.019207,0.341049,0.14,-0.874491,0.464388,0.990118,0.126242,-0.06052,-0.005896,0.469362,0.882909,0.01246,0.011462,-0.027614,-0.188832,0.372966,0.242592,-1.175071,0.041727,0.034371,-6e-05,-0.29904,0.821991,0.484669,-0.949868,-0.304977,-0.068832,0.091234,-0.480955,0.871984,-0.000484,0.000594,-0.008683,-0.332101,0.539621,0.310403,-0.89708,0.072167,0.032912,-0.067598,0.258655,0.025244,-0.965639,0.165671,0.983686,0.070093,0.951656,-0.178108,0.250253,-1e-06,2e-06,3e-06,-2.2e-05,-2.3e-05,2.3e-05,-0.052109
212,0.146148,-0.015279,0.300975,-0.069965,-0.094146,-0.99312,-0.251599,-0.961678,0.108837,-0.965227,0.257594,0.044834,-1.7e-05,-0.000119,-0.000135,0.0,0.0,0.0,0.124355,-0.174452,-0.018828,0.339955,0.111687,-0.871862,0.476838,0.993648,0.103798,-0.042708,-0.012418,0.479666,0.877285,-0.001868,0.008344,-0.029303,-0.812164,-0.041828,0.597755,-1.395687,0.041869,0.03456,-0.000609,-0.271053,0.823964,0.497607,-0.957444,-0.284036,-0.051212,0.099142,-0.490312,0.865889,0.005803,0.009922,-0.019267,-2.163387,-1.165897,1.511808,-0.870137,0.072167,0.03291,-0.067601,0.258669,0.02526,-0.965635,0.165667,0.983686,0.07011,0.951653,-0.178109,0.250264,-9e-06,-5.9e-05,-6.8e-05,-2e-05,-1e-05,2.6e-05,-0.051945
213,0.146134,-0.015296,0.300956,-0.070029,-0.094208,-0.993109,-0.251596,-0.96167,0.108914,-0.965223,0.2576,0.04488,-0.000167,-0.001196,-0.00136,-0.000576,0.015633,-0.024204,0.124947,-0.174275,-0.018248,0.338369,0.093395,-0.867159,0.489188,0.995076,0.097236,-0.017378,-0.032632,0.489483,0.871324,-0.002775,0.013974,-0.042701,-0.345456,0.527959,0.376967,-1.399419,0.041953,0.03484,-0.001375,-0.252467,0.822866,0.509069,-0.960031,-0.278719,-0.025592,0.120828,-0.495183,0.860344,-0.001374,0.006489,-0.021806,-0.995457,0.046224,0.954727,-0.891854,0.07216,0.032904,-0.067607,0.258711,0.025312,-0.965622,0.165653,0.983684,0.070167,0.951644,-0.178111,0.250297,-2e-06,-1e-05,-1.2e-05,-2.4e-05,1.5e-05,3.6e-05,-0.051129
214,0.146121,-0.015315,0.30095,-0.070091,-0.094265,-0.9931,-0.251618,-0.961656,0.108986,-0.965212,0.257632,0.044922,-0.014964,8.6e-05,-1.8e-05,-0.000984,0.014715,-0.029553,0.124296,-0.174218,-0.017874,0.337439,0.082471,-0.866033,0.49313,0.99561,0.093211,-0.002576,-0.043855,0.492257,0.869266,-0.003618,0.023404,-0.052608,-0.295733,0.527828,0.583424,-1.399835,0.041985,0.03504,-0.001878,-0.24086,0.823544,0.513575,-0.961392,-0.275004,-0.009898,0.133083,-0.496131,0.857987,-0.001786,0.011455,-0.026534,-0.347769,0.620439,0.61693,-0.904917,0.072159,0.032893,-0.067612,0.258766,0.025369,-0.965606,0.165662,0.983677,0.070239,0.951627,-0.17814,0.25034,-7.8e-05,-0.00056,-0.000638,-2.5e-05,-9e-06,2.7e-05,-0.050966
215,0.146066,-0.015439,0.300903,-0.068061,-0.092397,-0.993416,-0.251999,-0.961816,0.106669,-0.965261,0.257709,0.043415,-0.000571,-0.013973,0.004912,-0.035388,0.014877,-0.017241,0.115479,-0.174216,-0.016676,0.334967,0.049342,-0.865359,0.49871,0.996031,0.079382,0.039428,-0.073786,0.495863,0.865181,-0.005335,0.040775,-0.073784,-0.450417,0.720427,0.777533,-1.400661,0.041987,0.035625,-0.003085,-0.209146,0.829091,0.518521,-0.964285,-0.262979,0.031547,0.162515,-0.493405,0.854482,-0.002632,0.020323,-0.036946,-0.66369,0.748182,0.938433,-0.90704,0.072126,0.032838,-0.067636,0.256924,0.023304,-0.96615,0.16646,0.983701,0.067993,0.951987,-0.178294,0.248857,-0.000222,-0.001594,-0.001815,-0.001519,0.018703,-0.028687,-0.055538
216,0.145979,-0.015799,0.300789,-0.053093,-0.080896,-0.99533,-0.236655,-0.96729,0.091188,-0.970089,0.240487,0.033452,-0.001071,-0.017522,0.000858,1.612613,-0.16086,-0.03402,0.102814,-0.174309,-0.014868,0.331678,-0.002807,-0.864825,0.502056,0.993784,0.053213,0.097448,-0.111002,0.500287,0.858635,-0.006251,0.046315,-0.087348,-2.115617,-1.184575,2.395827,-1.401392,0.041943,0.036508,-0.004686,-0.159822,0.836658,0.523889,-0.966971,-0.239437,0.08739,0.198554,-0.492619,0.847291,-0.003084,0.022776,-0.044026,-0.488395,0.812121,1.002901,-0.896426,0.072084,0.032663,-0.067686,0.243997,0.010465,-0.969719,0.15974,0.985849,0.050833,0.956529,-0.167306,0.238872,-0.000612,-0.009339,-0.000227,-0.04414,-0.455334,0.713971,-0.07105
217,0.145953,-0.016077,0.300674,-0.039748,-0.070075,-0.996772,-0.220694,-0.972277,0.0771,-0.974497,0.223127,0.024422,0.013486,-0.010797,-0.012217,0.00235,-0.225605,0.358276,0.098487,-0.174387,-0.013862,0.329813,-0.034001,-0.861732,0.506214,0.99103,0.036183,0.128386,-0.128922,0.507113,0.852102,-0.007156,0.05249,-0.100318,-1.085473,0.32466,1.705424,-1.400952,0.041902,0.037033,-0.005646,-0.127181,0.840122,0.527275,-0.967437,-0.222353,0.120931,0.218838,-0.494725,0.841044,-0.003971,0.031209,-0.054809,-2.28537,-0.88942,2.853826,-0.885649,0.072066,0.032524,-0.067737,0.231365,-0.001182,-0.972866,0.140872,0.9895,0.032299,0.962613,-0.144523,0.229103,-0.00075,-0.010324,-0.001352,-0.028721,-0.559962,0.87429,-0.079378
218,0.145912,-0.016844,0.300282,-0.015833,-0.047958,-0.998746,-0.199475,-0.978607,0.0501,-0.979769,0.200071,0.007171,-0.002287,-0.026137,-0.009094,-0.028555,-0.170218,0.270435,0.07007,-0.174483,-0.01169,0.325477,-0.094176,-0.858763,0.503634,0.97807,0.014371,0.207623,-0.185429,0.513214,0.837909,-0.008942,0.066664,-0.124679,-2.284137,-1.086393,3.067884,-1.401046,0.041854,0.038116,-0.007803,-0.068602,0.847531,0.526293,-0.95916,-0.201139,0.198885,0.27442,-0.491156,0.826716,0.00315,0.028225,-0.058385,-1.006058,0.644261,1.384959,-0.875852,0.072051,0.032146,-0.067934,0.209686,-0.025182,-0.977444,0.125019,0.992153,0.001259,0.969743,-0.122463,0.211188,-0.001068,-0.007619,-0.008747,0.00196,-0.176553,0.273937,-0.105831
219,0.145726,-0.017657,0.299627,-0.005356,-0.038799,-0.999255,-0.165026,-0.9855,0.039097,-0.986281,0.165154,0.000119,-0.00265,-0.018697,-0.021649,0.006636,-0.16829,0.261858,0.051771,-0.17453,-0.009594,0.320778,-0.139547,-0.859529,0.491659,0.955747,0.012754,0.293801,-0.258634,0.511972,0.819059,-0.00823,0.050801,-0.12152,-3.644175,-0.863956,-2.744473,-1.401119,0.041827,0.039185,-0.010202,-0.01957,0.857872,0.513489,-0.937205,-0.19462,0.289428,0.348228,-0.47558,0.807811,-0.004038,0.025026,-0.061144,-3.691222,-0.799874,-2.727558,-0.878791,0.071958,0.031736,-0.068258,0.200191,-0.035001,-0.979131,0.093021,0.995526,-0.016568,0.97533,-0.087763,0.202551,-0.001293,-0.00921,-0.010645,0.001215,-0.073768,0.113192,-0.144368
220,0.145507,-0.01803,0.299225,-0.002649,-0.036907,-0.999338,-0.14165,-0.989216,0.036856,-0.989923,0.141693,-0.001363,-0.0177,-0.01833,-0.021458,0.150504,-0.051556,0.065222,0.052969,-0.174517,-0.008625,0.318356,-0.163438,-0.85743,0.487947,0.942869,0.009604,0.332926,-0.289948,0.515552,0.806225,-0.008282,0.048525,-0.12407,-0.981096,0.673124,2.002528,-1.401385,0.041836,0.039651,-0.011368,0.000946,0.86028,0.509819,-0.925166,-0.192755,0.326974,0.379559,-0.471977,0.79572,0.003075,0.023962,-0.062913,-1.303989,0.77134,2.256546,-0.880097,0.071846,0.03154,-0.06847,0.197532,-0.037275,-0.979587,0.0704,0.997235,-0.02375,0.977764,-0.064272,0.199611,-0.008853,-0.009302,-0.01087,0.149154,-0.049125,0.061089,-0.151389
221,0.144939,-0.01867,0.298299,-0.001972,-0.037985,-0.999299,-0.106168,-0.99361,0.037925,-0.994357,0.106209,-0.00083,-0.017655,-0.007626,-0.03032,0.046094,0.046053,-0.085,0.07037,-0.174426,-0.007128,0.313404,-0.206239,-0.85102,0.482932,0.914186,0.008219,0.40513,-0.348487,0.526104,0.775651,0.006738,0.031194,-0.124315,-1.323817,0.580047,1.392564,-1.401127,0.041876,0.040408,-0.013842,0.04476,0.862051,0.504839,-0.897543,-0.187189,0.399218,0.438647,-0.470985,0.76535,0.003427,0.015049,-0.062679,-2.14852,0.263206,0.79625,-0.877975,0.071569,0.03122,-0.068925,0.196765,-0.036279,-0.979779,0.035169,0.998933,-0.029925,0.979819,-0.028569,0.197831,-0.008893,-0.009346,-0.011016,0.03956,0.047159,-0.08322,-0.141918
222,0.144273,-0.01916,0.297301,-0.002313,-0.045557,-0.998982,-0.070398,-0.996464,0.045552,-0.997527,0.070482,0.000341,-0.017766,-0.017725,-0.02115,-0.002713,0.002364,-0.105816,0.08955,-0.174381,-0.006384,0.308904,-0.256283,-0.840311,0.47769,0.88251,-0.001986,0.470218,-0.39386,0.543122,0.741455,0.008367,0.007426,-0.110921,-1.368144,0.975583,1.610103,-1.401541,0.041898,0.040782,-0.016103,0.094845,0.861275,0.499208,-0.86892,-0.173082,0.463703,0.48578,-0.477752,0.731963,-0.003352,0.009243,-0.058864,-1.26403,0.856656,1.518572,-0.879607,0.071236,0.030976,-0.069431,0.196312,-0.028481,-0.980127,-0.001578,0.999567,-0.029362,0.980539,0.007311,0.196182,-0.008795,-0.003502,-0.014871,0.039792,0.022991,-0.105482,-0.118241
223,0.143549,-0.019641,0.296305,-0.004089,-0.056602,-0.998411,-0.028429,-0.997976,0.05664,-0.999595,0.028679,0.003715,-0.017717,-0.007052,-0.030059,0.159267,1.41668,-2.25009,0.106645,-0.174293,-0.006316,0.304696,-0.291037,-0.836615,0.464074,0.847669,-0.00077,0.530463,-0.443069,0.548807,0.708777,0.009225,-0.003085,-0.103668,-1.806206,-1.203038,3.019758,-1.40164,0.041942,0.040815,-0.018215,0.130021,0.862958,0.488259,-0.835,-0.170245,0.523251,0.534667,-0.47573,0.698434,-0.002544,-0.001546,-0.051151,-1.268482,0.457863,0.797116,-0.877811,0.070873,0.030732,-0.069924,0.195922,-0.01978,-0.980419,-0.044339,0.998595,-0.029007,0.979616,0.049154,0.19477,-0.008918,-0.008971,-0.010773,0.146595,0.056688,-0.06953,-0.092605
224,0.143201,-0.01993,0.295828,0.000709,-0.062927,-0.99804,0.000872,-0.998007,0.062872,-1.000013,-0.000844,0.00059,-0.017995,-0.018428,-0.022298,0.235863,1.332786,-2.325702,0.107848,-0.174298,-0.006344,0.302658,-0.303564,-0.8361,0.456923,0.829597,0.003762,0.55829,-0.46812,0.54958,0.691873,0.009289,0.000142,-0.100962,-1.31483,0.074993,1.699922,-1.401353,0.041939,0.040795,-0.01924,0.143221,0.865741,0.479562,-0.815812,-0.171053,0.55244,0.560301,-0.470354,0.681784,-0.002571,-0.000344,-0.050212,-1.498348,-1.708577,2.563153,-0.880097,0.070699,0.030592,-0.070166,0.190595,-0.013776,-0.981571,-0.074192,0.996839,-0.028396,0.97886,0.078237,0.18897,-0.00894,-0.008989,-0.010846,0.491912,-0.05923,-0.123514,-0.084277
225,0.142436,-0.020634,0.294874,0.015413,-0.075091,-0.997081,0.070617,-0.994595,0.075942,-0.997416,-0.071496,-0.008786,-0.018309,-0.019871,-0.024273,0.111221,-0.420983,-0.167273,0.106518,-0.174422,-0.006433,0.298849,-0.322638,-0.836401,0.443091,0.794501,0.014963,0.607023,-0.513934,0.548926,0.659101,-0.005274,-0.000978,-0.102227,-1.195456,0.792366,1.207118,-1.401462,0.041883,0.040756,-0.021139,0.161403,0.870488,0.464971,-0.779647,-0.176391,0.600863,0.605061,-0.459495,0.650204,-0.002569,-0.000111,-0.05066,-1.007305,0.616522,1.089519,-0.882547,0.07033,0.030249,-0.070632,0.178024,-0.000849,-0.984025,-0.145072,0.989049,-0.027099,0.973273,0.147579,0.175951,-0.009098,-0.009697,-0.011822,1.61855,-0.826991,-0.306271,-0.079705
226,0.141648,-0.021525,0.293977,0.027497,-0.093763,-0.995237,0.134103,-0.986237,0.096567,-0.990632,-0.136011,-0.013305,-0.018608,-0.021111,-0.026049,0.491506,-0.321237,0.135818,0.100871,-0.174789,-0.006325,0.294951,-0.332169,-0.842344,0.424395,0.75925,0.028022,0.650145,-0.559113,0.539228,0.629673,-0.00525,0.004323,-0.097687,-0.786997,0.395325,0.941774,-1.401639,0.041699,0.040801,-0.023098,0.171365,0.878101,0.446735,-0.741463,-0.183635,0.645375,0.648741,-0.441833,0.619611,-0.009861,0.00208,-0.048217,-0.857969,0.391416,0.916241,-0.8832,0.069924,0.029797,-0.071089,0.162989,0.018099,-0.986462,-0.210837,0.977375,-0.016903,0.963837,0.210738,0.163117,-0.009426,-0.016308,-0.009146,1.642784,-0.252691,-0.012346,-0.081338
227,0.141216,-0.021953,0.293478,0.035149,-0.106805,-0.993681,0.174592,-0.978318,0.111276,-0.984068,-0.177275,-0.014502,-0.018657,-0.021061,-0.026134,5.511342,-0.934164,-0.11505,0.090655,-0.174997,-0.006177,0.292906,-0.338121,-0.843302,0.41774,0.742059,0.033944,0.669425,-0.578274,0.537385,0.613742,-0.006123,0.015283,-0.106564,-0.79598,0.400776,0.718739,-1.401694,0.041598,0.040873,-0.024075,0.176574,0.880298,0.440336,-0.724281,-0.186731,0.663738,0.666511,-0.436126,0.604612,-0.009909,0.001611,-0.049079,-1.823855,-0.443727,0.103804,-0.879281,0.069707,0.029582,-0.071339,0.155906,0.030329,-0.987305,-0.247725,0.968784,-0.009358,0.956203,0.246039,0.158552,-0.00931,-0.01058,-0.013076,0.126694,-0.434218,-0.24373,-0.087706
228,0.140224,-0.022575,0.292581,0.038481,-0.152572,-0.987566,0.23973,-0.957999,0.157292,-0.970135,-0.24262,0.000942,-0.033159,-0.015047,-0.019272,0.216727,0.168854,-0.629311,0.06178,-0.17535,-0.006002,0.289144,-0.330619,-0.851776,0.406398,0.712863,0.056654,0.698963,-0.617959,0.521858,0.587923,-0.005336,0.005934,-0.097755,-0.978918,0.143897,0.493457,-1.401193,0.041419,0.040964,-0.025998,0.167951,0.887618,0.428864,-0.691448,-0.204009,0.693021,0.702631,-0.412931,0.579479,-0.00261,0.003099,-0.048702,-1.016168,-0.969231,-0.404968,-0.876342,0.069216,0.029262,-0.071799,0.147094,0.075581,-0.98623,-0.324681,0.945517,0.024036,0.934315,0.316674,0.16362,-0.016515,-0.007579,-0.009624,0.75145,1.279262,-2.406395,-0.127386
229,0.138712,-0.023055,0.292071,0.046945,-0.228432,-0.972451,0.280592,-0.931289,0.232254,-0.958747,-0.283489,0.021589,-0.047696,-0.018613,-0.002243,0.487379,0.040312,-1.367996,0.067262,-0.175543,-0.006151,0.285494,-0.329097,-0.850948,0.409359,0.692016,0.077475,0.717666,-0.641987,0.520524,0.562823,-0.004563,-0.004414,-0.090148,-0.679928,1.583763,-1.861416,-1.401803,0.041323,0.040894,-0.027826,0.167952,0.887457,0.429196,-0.665828,-0.218941,0.713258,0.726955,-0.405564,0.554123,-0.001837,-0.008554,-0.041984,-1.314836,-0.759851,-0.490275,-0.877158,0.068483,0.029022,-0.072062,0.13259,0.148676,-0.979956,-0.375795,0.922409,0.089099,0.917168,0.356449,0.178174,-0.023705,-0.003142,-0.00476,5.308555,-1.799985,-1.121949,-0.137183
230,0.137762,-0.02323,0.292045,0.052674,-0.271916,-0.960902,0.302691,-0.912602,0.274786,-0.951707,-0.305,0.035434,-0.046982,-0.013957,0.003482,0.315123,1.416369,-3.315634,0.067081,-0.175629,-0.006389,0.283853,-0.330774,-0.847269,0.41559,0.681297,0.090182,0.726385,-0.652495,0.524464,0.546855,-0.003749,-0.014558,-0.081602,-0.860739,0.715998,0.319734,-1.401653,0.041279,0.040777,-0.028651,0.16815,0.883213,0.437789,-0.654634,-0.231992,0.719467,0.737007,-0.40757,0.539172,-0.001813,-0.006948,-0.040368,-0.501765,0.366234,0.090505,-0.883363,0.06799,0.028926,-0.072085,0.120884,0.192267,-0.973868,-0.406182,0.904753,0.128204,0.90576,0.38007,0.187466,-0.030848,-0.000286,-0.00107,0.165218,0.259156,-1.801657,-0.137183
231,0.135448,-0.023333,0.292386,0.068009,-0.37289,-0.925404,0.353823,-0.858236,0.37177,-0.93293,-0.352256,0.074724,-0.075774,-0.001702,0.017742,-0.054461,0.627778,-1.520959,0.065094,-0.17575,-0.00701,0.281052,-0.326556,-0.846418,0.420629,0.65938,0.114688,0.742966,-0.676678,0.521027,0.520097,-0.002802,-0.019062,-0.066638,-0.620556,0.515855,0.261969,-1.401843,0.041218,0.040463,-0.030065,0.165174,0.88137,0.442611,-0.627443,-0.252343,0.736639,0.760941,-0.399387,0.511329,-0.001343,-0.009103,-0.032763,-0.850617,0.595678,0.367101,-0.884996,0.066815,0.028867,-0.071917,0.091927,0.297648,-0.950238,-0.472689,0.852951,0.221446,0.87642,0.428811,0.219104,-0.037815,-0.000418,0.009462,-0.031819,0.696165,-1.455586,-0.141592
232,0.132527,-0.023138,0.293253,0.087145,-0.479376,-0.873298,0.395961,-0.787739,0.471862,-0.91424,-0.386324,0.122258,-0.0743,0.006205,0.027237,0.299079,0.62836,-2.028934,0.11321,-0.175828,-0.007699,0.278829,-0.317505,-0.854432,0.411252,0.633323,0.131566,0.762578,-0.705265,0.503642,0.498808,-0.00178,-0.021853,-0.049088,-0.57151,0.4287,0.29622,-1.4015,0.04118,0.040115,-0.031188,0.154667,0.887857,0.433344,-0.598961,-0.264556,0.755814,0.785699,-0.376456,0.490873,-0.000833,-0.010255,-0.023685,-0.785888,0.414794,0.566173,-0.889568,0.065355,0.028966,-0.071481,0.05744,0.405636,-0.912227,-0.529331,0.787102,0.316667,0.846468,0.464681,0.259927,-0.037089,0.00348,0.014164,0.282766,0.583328,-2.020387,-0.113833
233,0.129531,-0.022946,0.294575,0.124439,-0.556476,-0.82152,0.45568,-0.703432,0.545446,-0.881566,-0.44154,0.167068,-0.073645,-8.2e-05,0.040985,4.555157,-1.846885,-2.925603,0.217916,-0.175967,-0.008381,0.277158,-0.309473,-0.869409,0.385157,0.609134,0.129635,0.782358,-0.729715,0.477814,0.488951,-0.000787,-0.026117,-0.032945,-0.16797,-1.471637,2.473506,-1.401589,0.041109,0.039767,-0.032041,0.144857,0.90128,0.408301,-0.574872,-0.259198,0.776104,0.805318,-0.347146,0.480574,-0.000373,-0.012707,-0.015948,-0.14772,-1.474362,2.445753,-0.880424,0.063857,0.029066,-0.070816,0.006521,0.483234,-0.875466,-0.595982,0.704882,0.384637,0.80297,0.519254,0.292596,-0.03683,0.000394,0.020872,4.548331,-1.832756,-2.929725,0.007656
234,0.128359,-0.022896,0.295298,0.148427,-0.580873,-0.800375,0.481376,-0.664554,0.571504,-0.864049,-0.469392,0.181982,-0.058457,-0.001585,0.039516,-0.081663,-0.511455,0.508915,0.258654,-0.1761,-0.008698,0.276536,-0.305622,-0.875802,0.373574,0.599559,0.127639,0.790045,-0.739206,0.466527,0.485583,-0.000654,-0.02121,-0.026894,-2.46177,-4.166937,-2.361381,-1.402246,0.041043,0.039614,-0.032345,0.144526,0.90671,0.396218,-0.56814,-0.251802,0.783462,0.810141,-0.338338,0.478746,-0.008163,-0.004476,-0.016012,-0.542688,0.172874,0.548443,-0.876995,0.063294,0.029097,-0.070463,-0.023575,0.508063,-0.860996,-0.625038,0.664665,0.409325,0.780237,0.547806,0.301889,-0.028994,0.005045,0.016095,1.382527,-0.047121,-1.916945,0.067747
235,0.126863,-0.022959,0.296555,0.191531,-0.606669,-0.771566,0.518367,-0.605024,0.604329,-0.833681,-0.514953,0.199562,-0.029031,-0.008993,0.031404,-0.1765,0.267872,-0.362992,0.331631,-0.176553,-0.009109,0.27557,-0.316061,-0.880617,0.353002,0.585855,0.111364,0.802686,-0.745757,0.461605,0.480239,-0.015438,-0.014508,-0.017094,-0.321994,0.038218,0.433206,-1.402489,0.040823,0.039407,-0.03283,0.148576,0.914614,0.376039,-0.556161,-0.23714,0.796522,0.817685,-0.327483,0.473439,-0.015573,-0.001163,-0.011166,-0.45652,0.229924,0.315882,-0.879934,0.062537,0.029079,-0.069818,-0.072958,0.531192,-0.844103,-0.664019,0.605627,0.438513,0.744147,0.592494,0.308536,-0.014501,-0.004413,0.015885,-0.377469,-0.701564,1.315188,0.186949
236,0.126552,-0.023491,0.297347,0.189711,-0.623251,-0.758691,0.521959,-0.590483,0.615517,-0.831851,-0.512007,0.21424,-9.9e-05,-0.009513,0.010154,0.193947,0.738116,-0.269265,0.338246,-0.177349,-0.00922,0.274934,-0.318969,-0.886713,0.334648,0.574011,0.10009,0.812667,-0.75368,0.452414,0.476604,-0.031038,0.003256,-0.015286,-2.019146,-4.552484,-2.199856,-1.402723,0.04043,0.039346,-0.033147,0.156131,0.920637,0.35784,-0.547361,-0.220925,0.807209,0.822203,-0.321898,0.469427,-0.007998,0.002217,-0.00758,-0.167216,-0.396372,1.047244,-0.878301,0.062372,0.02882,-0.069404,-0.076309,0.548206,-0.832853,-0.667929,0.592069,0.450914,0.740301,0.590696,0.320983,-0.000102,-0.004951,0.004863,0.227039,0.768033,-0.258519,0.240671
237,0.126718,-0.023745,0.297566,0.205234,-0.622157,-0.755543,0.538484,-0.572862,0.617929,-0.817525,-0.532899,0.218397,0.014953,-0.011481,0.008349,0.023008,0.237754,-0.301244,0.337332,-0.177827,-0.009189,0.274684,-0.318062,-0.891972,0.321269,0.567109,0.09242,0.818401,-0.759266,0.44361,0.476013,-0.031,0.004575,-0.013625,-0.2448,-0.521982,0.152527,-1.402669,0.040192,0.039365,-0.033269,0.149578,0.926804,0.34447,-0.54047,-0.215095,0.813404,0.82796,-0.307843,0.468736,-0.015481,0.002685,-0.006318,-0.539361,-1.827901,0.142923,-0.88124,0.062448,0.028689,-0.0693,-0.089705,0.546763,-0.832467,-0.684386,0.573404,0.450358,0.723579,0.610129,0.322759,0.007444,-0.00585,0.004066,0.070592,0.148472,-0.351904,0.245733
238,0.127395,-0.024005,0.297829,0.229923,-0.621837,-0.748665,0.564881,-0.541173,0.622906,-0.792789,-0.56536,0.227773,0.015584,0.000673,0.001405,-0.000664,0.094123,-0.136963,0.340314,-0.178755,-0.009074,0.274297,-0.315159,-0.908265,0.275174,0.545324,0.063856,0.83575,-0.77624,0.414589,0.474795,-0.015133,-0.003775,-0.003458,-0.899248,-1.687539,0.530059,-1.402505,0.039717,0.039426,-0.033465,0.142355,0.943652,0.298754,-0.525803,-0.183626,0.830549,0.838609,-0.275318,0.470036,-0.007559,-0.001714,-0.001512,-0.815881,-1.750814,0.54363,-0.873892,0.062791,0.028549,-0.069171,-0.115529,0.54533,-0.830221,-0.708964,0.540142,0.453447,0.695716,0.640984,0.324217,0.007776,0.000286,0.000655,-0.018822,0.079577,-0.147075,0.249816
239,0.128226,-0.024087,0.297922,0.231181,-0.630585,-0.740921,0.563487,-0.534054,0.63027,-0.793417,-0.562427,0.232791,0.015438,-1.3e-05,0.000547,0.001815,-0.011576,0.023674,0.366718,-0.179647,-0.008803,0.274225,-0.300042,-0.927964,0.221017,0.528843,0.030884,0.848118,-0.793454,0.372517,0.48117,-0.015582,0.015029,-0.001642,0.015546,-0.475906,0.493847,-1.402127,0.03927,0.039557,-0.033507,0.124976,0.961521,0.244657,-0.514013,-0.14817,0.844888,0.848628,-0.231347,0.475717,-0.007775,0.007818,-0.000405,0.077019,-0.487929,0.471675,-0.875035,0.063201,0.028508,-0.069125,-0.118956,0.5546,-0.823569,-0.708407,0.53378,0.461776,0.695706,0.638354,0.329387,0.007736,9.1e-05,0.000385,0.000605,-0.009948,0.020938,0.27235
240,0.128874,-0.024158,0.297875,0.244444,-0.645549,-0.723573,0.565672,-0.511162,0.64707,-0.787882,-0.566681,0.241125,0.014798,-0.00324,-0.003402,0.017918,0.092538,-0.228122,0.415753,-0.180707,-0.008442,0.274435,-0.29908,-0.932797,0.201076,0.525479,0.01476,0.850639,-0.796047,0.36124,0.485466,-0.029714,0.004449,0.008422,0.017332,-0.191895,0.243381,-1.402561,0.038752,0.039742,-0.033396,0.122912,0.966477,0.225417,-0.514196,-0.132254,0.847414,0.848819,-0.220066,0.480703,-0.014829,0.002876,0.005068,0.02578,-0.301399,0.379313,-0.88075,0.063525,0.028477,-0.069143,-0.136463,0.569522,-0.810568,-0.712233,0.512303,0.479863,0.688549,0.642798,0.335722,0.007472,-0.001249,-0.001249,0.108241,0.408586,-0.757909,0.323296
241,0.129091,-0.024258,0.297826,0.259183,-0.652315,-0.712289,0.566888,-0.49437,0.658945,-0.782295,-0.573769,0.24255,0.014707,-0.003724,-0.003999,1.474392,0.163262,-3.034945,0.435117,-0.181323,-0.008272,0.274592,-0.296691,-0.933526,0.201232,0.527614,0.01527,0.849308,-0.795533,0.359326,0.487725,-0.029628,0.005773,0.010078,0.031079,-0.224901,0.279103,-1.402651,0.038455,0.039824,-0.033322,0.120306,0.966711,0.225822,-0.516452,-0.133323,0.845873,0.847822,-0.21839,0.48322,-0.015181,0.008764,0.001442,0.040765,-0.232947,0.290537,-0.882383,0.063634,0.028427,-0.069168,-0.148823,0.575681,-0.804016,-0.712177,0.501686,0.491034,0.686043,0.645679,0.335324,0.00724,-0.002429,-0.002696,-0.086006,-0.159695,-0.077228,0.355138
242,0.129341,-0.024462,0.297587,0.269518,-0.657999,-0.703166,0.565118,-0.483191,0.668685,-0.780092,-0.576782,0.242499,0.014127,-0.006736,-0.007693,3.87058,-3.6105,-1.516567,0.464989,-0.182472,-0.00791,0.274943,-0.292714,-0.934476,0.202642,0.532414,0.016622,0.846282,-0.793812,0.35678,0.492375,-0.030203,0.019031,0.004675,0.127268,-0.053338,-0.064943,-1.402525,0.03787,0.040004,-0.033139,0.116255,0.966993,0.226733,-0.520791,-0.135034,0.842936,0.84573,-0.216076,0.487903,-0.014747,0.003808,0.006194,0.098589,-0.05231,-0.089217,-0.888588,0.063764,0.028323,-0.06929,-0.16478,0.582043,-0.796286,-0.713384,0.487178,0.503726,0.681124,0.651062,0.334943,0.007057,-0.003284,-0.00413,3.889653,-3.583109,-1.501728,0.407881
243,0.129468,-0.024705,0.297295,0.273369,-0.656343,-0.703227,0.567998,-0.479891,0.668622,-0.776657,-0.581401,0.242495,-0.001399,-0.007162,-0.00878,0.00302,-0.090391,0.144034,0.502497,-0.183684,-0.007335,0.275415,-0.292461,-0.933731,0.206407,0.533661,0.019613,0.845432,-0.793068,0.358577,0.492268,-0.029882,0.023173,0.009826,0.023862,0.100576,-0.155671,-1.402311,0.037252,0.040296,-0.032905,0.115907,0.966152,0.230465,-0.521325,-0.138325,0.842072,0.845449,-0.21775,0.487647,-0.014941,0.011744,0.005135,0.021629,0.100428,-0.155473,-0.89463,0.063828,0.028204,-0.069432,-0.169203,0.579723,-0.797051,-0.716947,0.48252,0.503151,0.676281,0.656578,0.333987,-0.000721,-0.003704,-0.004537,-0.001333,0.017877,-0.023102,0.46095
244,0.12954,-0.024869,0.297097,0.28097,-0.651845,-0.704414,0.574075,-0.474061,0.667589,-0.769448,-0.591154,0.241894,-0.001477,-0.007566,-0.009291,1.170937,-1.197244,-0.257022,0.519123,-0.184238,-0.006941,0.275682,-0.292574,-0.934488,0.202788,0.533551,0.016323,0.845571,-0.7931,0.356762,0.493534,-0.029745,0.024575,0.011527,0.053383,-0.029175,0.054384,-1.40254,0.036986,0.040485,-0.032775,0.115872,0.967,0.2269,-0.521778,-0.13512,0.842312,0.845174,-0.215991,0.488903,-0.014882,0.012322,0.005833,0.144167,-0.49456,0.777305,-0.897569,0.063864,0.028121,-0.069533,-0.17502,0.575158,-0.799099,-0.721555,0.477277,0.501561,0.669869,0.664378,0.331475,0.006857,-0.004421,-0.005543,3.884236,-3.691812,-1.339971,0.483321
245,0.129546,-0.025361,0.296741,0.297158,-0.642643,-0.706224,0.580299,-0.465839,0.667997,-0.758638,-0.607528,0.235382,0.01281,-0.022841,-0.005707,3.847292,-3.71181,-1.33495,0.524107,-0.185357,-0.00601,0.276224,-0.294489,-0.935594,0.194758,0.53125,0.009003,0.847128,-0.793933,0.354109,0.494106,-0.029466,0.027114,0.01455,0.024649,0.084195,-0.131917,-1.402697,0.036438,0.040939,-0.03251,0.117616,0.968683,0.218677,-0.52074,-0.12734,0.844165,0.845574,-0.213161,0.489454,-0.00733,0.013287,0.006342,0.036445,0.088362,-0.136044,-0.901162,0.063862,0.027886,-0.069706,-0.187862,0.565898,-0.802786,-0.725195,0.471319,0.501946,0.662419,0.676473,0.321844,-0.000997,-0.005136,-0.006327,0.006912,0.009371,-0.028649,0.512713
246,0.129507,-0.025889,0.296156,0.314183,-0.63331,-0.707286,0.580812,-0.46112,0.670819,-0.75137,-0.620777,0.223845,-0.002565,-0.013103,-0.016252,-0.139147,-0.224723,-0.119242,0.524013,-0.186327,-0.00503,0.276925,-0.294324,-0.935876,0.193652,0.531966,0.007777,0.846691,-0.793515,0.353392,0.495289,-0.029217,0.028977,0.016666,0.023952,0.10065,-0.155584,-1.402917,0.035942,0.041441,-0.032152,0.117346,0.96895,0.217635,-0.521792,-0.126303,0.84367,0.844963,-0.212562,0.490769,-0.014281,0.008931,0.012371,0.001072,-0.020852,0.010467,-0.901978,0.063847,0.027609,-0.070006,-0.20701,0.553177,-0.806932,-0.728558,0.463315,0.504521,0.652954,0.692339,0.307111,-0.001295,-0.006661,-0.008253,-0.132133,-0.215018,-0.116218,0.520061
247,0.12932,-0.026246,0.295559,0.360958,-0.607777,-0.707362,0.587529,-0.440871,0.678538,-0.724704,-0.659769,0.198837,-0.002126,-0.010809,-0.013479,-0.38793,-0.646576,-0.463933,0.524339,-0.186977,-0.004289,0.277787,-0.294305,-0.935953,0.193309,0.532187,0.00738,0.846556,-0.793374,0.353196,0.495655,-0.013613,0.018366,0.023912,-0.008648,0.08165,-0.119693,-1.402726,0.035612,0.041815,-0.031723,0.117296,0.969027,0.217319,-0.522106,-0.125975,0.843525,0.844775,-0.212406,0.491158,-0.006836,0.008956,0.011689,0.001138,-0.018584,0.016173,-0.898223,0.063754,0.027429,-0.070306,-0.249764,0.524707,-0.813818,-0.73603,0.443235,0.511665,0.629187,0.726791,0.275496,-0.00078,0.000581,-0.010282,-0.36029,-0.732177,-0.469454,0.521041
248,0.129278,-0.026327,0.295275,0.394092,-0.585601,-0.708384,0.591481,-0.428366,0.683099,-0.703961,-0.687477,0.178443,0.014039,0.001569,-0.019552,3.357933,-4.70116,-1.754827,0.524573,-0.187162,-0.003977,0.278272,-0.294386,-0.936302,0.191484,0.531845,0.005834,0.846783,-0.793573,0.352295,0.495977,0.001818,0.006668,0.029934,-0.032981,-0.020778,0.029854,-1.402771,0.035513,0.041977,-0.031481,0.117313,0.969405,0.215615,-0.522082,-0.12449,0.84376,0.844788,-0.211553,0.491505,-0.00679,0.009512,0.012322,-0.009065,0.083095,-0.12251,-0.901652,0.063726,0.02738,-0.07045,-0.276257,0.503011,-0.818938,-0.738289,0.434468,0.515912,0.615313,0.747138,0.251342,-0.0008,-0.004079,-0.005064,-0.399472,-0.666251,-0.458701,0.522837
249,0.129164,-0.026218,0.294878,0.430994,-0.548584,-0.716481,0.582537,-0.437264,0.685145,-0.689686,-0.711993,0.13201,-0.015057,0.011619,-0.008157,-0.490276,-0.550551,-0.76141,0.524193,-0.187237,-0.003471,0.279326,-0.29095,-0.936873,0.193928,0.536044,0.008134,0.844112,-0.792019,0.350723,0.499562,0.001777,0.006129,0.029083,-0.003085,0.071714,-0.151597,-1.402646,0.035475,0.042226,-0.030959,0.113771,0.969283,0.218051,-0.526123,-0.127396,0.840812,0.842763,-0.210382,0.495468,0.000866,0.002988,0.014456,-0.024064,0.066203,-0.152153,-0.902794,0.063678,0.027424,-0.070661,-0.313583,0.459163,-0.831164,-0.731942,0.440736,0.519626,0.604918,0.77131,0.197873,0.000353,0.010932,-0.008411,-0.742557,-1.186939,-0.111912,0.52447
250,0.128764,-0.025287,0.294583,0.447768,-0.511485,-0.733439,0.570845,-0.467852,0.674701,-0.688796,-0.720159,0.083408,-0.013105,0.030461,-0.006701,-0.5872,-0.836967,0.023739,0.524209,-0.186979,-0.003301,0.280292,-0.282519,-0.940274,0.189894,0.545073,0.005409,0.838332,-0.788915,0.341531,0.510718,0.016223,0.001977,0.022726,0.51045,-0.37193,-0.199082,-1.402182,0.0356,0.042325,-0.030458,0.106532,0.97104,0.213849,-0.533623,-0.12564,0.836337,0.838985,-0.203212,0.504785,0.001017,-0.005363,0.014993,-0.034108,-0.092082,0.04351,-0.905407,0.063477,0.027881,-0.070811,-0.32419,0.420449,-0.847421,-0.720508,0.470733,0.509193,0.612999,0.775649,0.150329,0.001155,0.014767,-0.003577,-1.10247,-1.524022,1.598604,0.524634
251,0.12864,-0.024667,0.294457,0.451423,-0.493527,-0.743433,0.569012,-0.482592,0.66581,-0.687931,-0.722976,0.0639,0.00231,0.029887,-0.00684,-0.337503,-0.54495,0.471199,0.523805,-0.186774,-0.003326,0.280715,-0.279075,-0.941321,0.189796,0.548672,0.005769,0.835978,-0.78765,0.338617,0.514596,0.001965,-0.012297,0.028054,0.148364,-0.138276,-0.098316,-1.401637,0.035707,0.042319,-0.030248,0.101522,0.971539,0.214016,-0.538901,-0.127124,0.832721,0.836228,-0.199873,0.510658,0.007986,-0.000696,0.009297,0.218134,-0.174808,-0.097374,-0.911123,0.06341,0.028196,-0.070868,-0.326573,0.400938,-0.855919,-0.716812,0.485186,0.500774,0.616059,0.777073,0.128949,0.001455,0.020798,-0.007089,-0.803025,-1.270528,2.237988,0.52447
252,0.128773,-0.023236,0.294125,0.441979,-0.476934,-0.759759,0.556909,-0.518108,0.649144,-0.703785,-0.709438,0.037567,0.003322,0.044135,-0.011167,0.025987,-0.411645,0.350377,0.52356,-0.18634,-0.003608,0.281387,-0.27045,-0.943755,0.190198,0.557912,0.007237,0.829829,-0.784173,0.331725,0.524303,0.015663,-0.006737,0.012115,0.256138,-0.066631,-0.302335,-1.401731,0.035925,0.042176,-0.029897,0.092621,0.972339,0.214421,-0.547521,-0.13013,0.826611,0.831649,-0.193961,0.520323,0.007804,-0.003633,0.00573,0.272959,-0.072297,-0.307851,-0.916348,0.063477,0.028908,-0.07103,-0.312185,0.384265,-0.868838,-0.704158,0.520324,0.483139,0.637731,0.762628,0.108145,0.001535,0.016861,-0.001042,-0.028794,-0.322574,0.227564,0.524797
253,0.129098,-0.021589,0.293899,0.429804,-0.474795,-0.768039,0.552579,-0.53443,0.639541,-0.714648,-0.698695,0.033622,0.019171,0.046417,-0.00784,-1.162716,0.858923,0.351173,0.523577,-0.185934,-0.004115,0.281903,-0.267192,-0.943371,0.196602,0.567941,0.010528,0.822962,-0.778074,0.332731,0.532685,0.016144,-0.021351,0.015912,0.087738,-0.080758,-0.090614,-1.401412,0.036122,0.041927,-0.029649,0.089019,0.971219,0.220926,-0.557232,-0.135286,0.819262,0.825571,-0.196037,0.529151,0.000365,-0.004994,0.004683,0.098832,-0.100335,-0.09065,-0.911776,0.063633,0.029732,-0.071144,-0.299013,0.381771,-0.874551,-0.700053,0.535047,0.472917,0.648472,0.753641,0.107274,0.002094,0.024218,-0.003304,-4.139156,3.343539,0.447737,0.524634
254,0.129458,-0.019851,0.29388,0.428136,-0.471315,-0.771107,0.544525,-0.546463,0.636272,-0.721798,-0.691719,0.023647,0.004193,0.039654,0.00501,-0.11493,-0.394196,-0.094694,0.523579,-0.18558,-0.004802,0.282238,-0.269375,-0.940977,0.204917,0.578291,0.011965,0.815702,-0.769654,0.339412,0.540644,0.000501,-0.014302,0.004187,0.417577,-0.351202,-0.103342,-1.401458,0.036305,0.041582,-0.029477,0.092848,0.96896,0.229117,-0.565418,-0.138097,0.813161,0.819561,-0.205047,0.535045,0.007632,-0.006795,0.001922,0.418161,-0.302258,-0.227716,-0.908346,0.06382,0.030604,-0.071156,-0.294874,0.379219,-0.877064,-0.691896,0.548325,0.4697,0.659035,0.74534,0.100693,0.009574,0.018756,0.001478,-0.210388,-0.669975,-0.026921,0.52398
255,0.12964,-0.019057,0.293908,0.429634,-0.470681,-0.770662,0.53588,-0.554041,0.637058,-0.727363,-0.686105,0.015158,0.003795,0.037687,0.002537,-4.431138,3.042651,-0.099458,0.52387,-0.185422,-0.005167,0.282365,-0.273137,-0.939309,0.20757,0.580139,0.01115,0.8144,-0.766928,0.344041,0.54159,0.000466,-0.014962,0.003391,0.461947,1.286649,0.778986,-1.401485,0.036384,0.041398,-0.029416,0.094007,0.968234,0.2317,-0.56841,-0.138872,0.81094,0.817356,-0.207935,0.537299,0.007683,-0.007006,0.001325,1.30547,4.2678,3.091141,-0.911939,0.063911,0.031007,-0.071135,-0.298904,0.375735,-0.877199,-0.687095,0.553168,0.471067,0.662235,0.743523,0.092821,0.001901,0.018847,0.001281,-0.288689,-0.677002,-0.30861,0.523654
256,0.12996,-0.017895,0.294093,0.436404,-0.46773,-0.768652,0.5253,-0.561155,0.639638,-0.731053,-0.682338,0.001769,0.00299,0.024535,0.008125,-0.150494,-0.485517,0.020029,0.522833,-0.185077,-0.005805,0.282549,-0.267878,-0.940068,0.210964,0.585677,0.014843,0.810368,-0.764579,0.341815,0.546301,0.00051,-0.014346,0.004135,0.016043,-0.018496,-0.043219,-1.401518,0.036556,0.041068,-0.029328,0.090056,0.967782,0.23513,-0.573721,-0.14257,0.806547,0.814084,-0.207533,0.542398,0.000246,-0.007236,0.001987,-0.040529,-0.007081,-0.029859,-0.914552,0.064072,0.031596,-0.071042,-0.303586,0.375175,-0.87583,-0.674467,0.564654,0.475667,0.673,0.735124,0.081622,0.008951,0.01128,0.003131,-0.23348,-0.532328,-0.201016,0.523817
257,0.130043,-0.01719,0.294443,0.438637,-0.461707,-0.771018,0.526653,-0.563142,0.636773,-0.72874,-0.684804,-0.002892,0.002397,0.021502,0.004382,0.032877,-0.036655,0.037672,0.523873,-0.184777,-0.006194,0.282602,-0.270008,-0.939219,0.212028,0.589372,0.012786,0.80772,-0.760981,0.344232,0.549796,-0.000126,-0.002242,-0.002711,0.009864,-0.00593,-0.004986,-1.401367,0.0367,0.040879,-0.029303,0.092329,0.967319,0.236155,-0.577588,-0.141161,0.804031,0.81109,-0.210636,0.545678,-5.2e-05,-0.00088,-0.001067,-0.037308,0.11662,-0.158537,-0.910959,0.064114,0.031947,-0.070868,-0.305689,0.36839,-0.877976,-0.675026,0.566466,0.472711,0.671486,0.737159,0.07551,0.001053,0.005454,0.00659,0.016103,-0.121939,0.22699,0.52447
258,0.129999,-0.017024,0.294689,0.438563,-0.460026,-0.772064,0.527341,-0.563938,0.635498,-0.728287,-0.685281,-0.003766,0.001776,0.009173,0.011056,0.003462,-0.12478,0.190452,0.523435,-0.184644,-0.00626,0.282575,-0.270033,-0.939102,0.21251,0.589371,0.013186,0.807714,-0.760972,0.344534,0.549618,0.014704,-0.001293,-0.002785,0.002189,-0.015292,0.029172,-1.401621,0.036767,0.04084,-0.029315,0.092488,0.967183,0.236648,-0.577237,-0.141574,0.80421,0.811322,-0.210982,0.545199,0.007337,-0.000889,-0.001689,-0.017657,0.120715,-0.152513,-0.907857,0.064093,0.032038,-0.070742,-0.305112,0.366814,-0.878836,-0.675614,0.567007,0.471219,0.671156,0.737529,0.074824,0.000674,-0.00105,0.009514,-0.031725,0.004026,0.01006,0.524634
259,0.129768,-0.0169,0.295216,0.439006,-0.460485,-0.771539,0.527225,-0.563325,0.636137,-0.728104,-0.685476,-0.003559,-0.013778,0.007587,0.008605,0.002525,-0.109862,0.161031,0.522779,-0.184437,-0.00624,0.282501,-0.270024,-0.938673,0.214409,0.589801,0.014631,0.807375,-0.760643,0.345647,0.549376,-1e-06,-2.7e-05,-3.2e-05,-0.011878,0.115634,-0.161366,-1.401504,0.036876,0.040847,-0.029356,0.092675,0.966743,0.238363,-0.577348,-0.142866,0.803901,0.811221,-0.21212,0.544908,0.007401,0.000195,-0.000379,-0.009472,0.10217,-0.130932,-0.90851,0.063983,0.032104,-0.070482,-0.305641,0.367266,-0.878463,-0.675647,0.566417,0.471882,0.670883,0.737758,0.075022,-0.006973,0.003403,0.003836,-0.000599,0.014466,-0.029305,0.524307
260,0.129331,-0.016976,0.295546,0.438964,-0.459187,-0.772335,0.527272,-0.564382,0.635161,-0.728095,-0.685479,-0.004661,-0.01481,0.002266,0.002203,-0.000984,0.014715,-0.029553,0.521792,-0.18414,-0.006151,0.282472,-0.271813,-0.937791,0.216004,0.588158,0.01564,0.808554,-0.761275,0.347997,0.547013,0.014816,0.000771,-0.0003,-0.462213,0.266385,0.265927,-1.401355,0.037019,0.040893,-0.029369,0.092835,0.966249,0.240298,-0.577556,-0.144331,0.80349,0.811054,-0.213378,0.544665,0.007414,0.00047,-5.2e-05,0.002353,-0.01404,0.030043,-0.90655,0.063766,0.032069,-0.070306,-0.305329,0.365761,-0.879199,-0.675604,0.567455,0.470695,0.671068,0.737708,0.073849,-0.007668,-0.004728,0.004824,-0.035879,0.03066,-0.046241,0.523491
261,0.12872,-0.017114,0.295635,0.436571,-0.458499,-0.774099,0.529081,-0.565091,0.633022,-0.728219,-0.685357,-0.003151,-0.015513,-0.00127,-0.002053,-0.001228,0.030807,-0.053466,0.521663,-0.183729,-0.006068,0.282472,-0.271893,-0.937484,0.217233,0.588442,0.016521,0.80833,-0.761028,0.348784,0.546855,0.014187,0.013546,-0.006337,0.038341,-0.027991,0.046081,-1.401416,0.03723,0.040934,-0.02937,0.094888,0.965798,0.241307,-0.575658,-0.144528,0.804816,0.812165,-0.215278,0.542255,0.007098,0.006846,-0.003088,0.042527,-0.028166,0.045593,-0.907204,0.06346,0.032,-0.070261,-0.302526,0.365133,-0.880428,-0.677043,0.567851,0.468141,0.670886,0.737714,0.075421,-0.007715,-0.000416,-0.000756,-0.001473,-0.100337,0.132923,0.523001
262,0.12838,-0.017183,0.295605,0.436599,-0.457845,-0.77447,0.529263,-0.565431,0.632565,-0.728069,-0.685513,-0.003578,-0.015843,-0.002893,-0.004013,-0.00142,0.030454,-0.053692,0.521768,-0.183451,-0.006006,0.282492,-0.273747,-0.936999,0.216995,0.586371,0.016115,0.809842,-0.761957,0.350106,0.54471,0.014235,0.014632,-0.00503,0.027183,-0.036899,0.076056,-1.401142,0.037363,0.040958,-0.029359,0.096883,0.96565,0.241107,-0.573471,-0.143834,0.8065,0.813477,-0.216404,0.539837,0.007442,0.001082,0.000677,0.016909,-0.010456,0.031187,-0.907367,0.06329,0.031966,-0.070276,-0.302502,0.364432,-0.880727,-0.677122,0.568151,0.467663,0.670817,0.73783,0.074898,-0.007897,-0.001323,-0.001848,-0.001741,0.029519,-0.054303,0.522348
263,0.127755,-0.017323,0.2954,0.433683,-0.454503,-0.778068,0.532005,-0.567792,0.628135,-0.72781,-0.68579,-0.003471,-0.016206,-0.004603,-0.006097,-0.001044,0.031129,-0.053259,0.52025,-0.182936,-0.005839,0.2826,-0.273893,-0.936897,0.21725,0.586454,0.016207,0.809779,-0.76184,0.350375,0.544701,0.015006,0.004842,0.004591,-0.008195,0.083732,-0.108691,-1.401743,0.037621,0.041044,-0.02931,0.097007,0.965609,0.241221,-0.573793,-0.143775,0.806281,0.813234,-0.216627,0.540113,0.007497,0.002295,0.002135,0.002937,-0.015349,0.029081,-0.909653,0.062977,0.031894,-0.070381,-0.298645,0.361075,-0.883422,-0.679127,0.569954,0.462535,0.670519,0.73809,0.075002,-0.008098,-0.00229,-0.003025,-0.002561,-0.085157,0.105104,0.520715
264,0.127316,-0.017549,0.295065,0.432529,-0.447159,-0.782951,0.534136,-0.572534,0.621993,-0.726934,-0.686683,-0.007815,-0.016696,-0.006905,-0.008912,0.000925,-0.07893,0.114653,0.519859,-0.18246,-0.00555,0.282861,-0.274018,-0.936752,0.217719,0.586579,0.016478,0.809683,-0.7617,0.350752,0.544656,0.000382,0.00786,0.009462,0.001739,-0.016767,0.023373,-1.4015,0.037864,0.041186,-0.029183,0.09716,0.965447,0.241808,-0.573875,-0.144158,0.806154,0.813157,-0.217094,0.54004,0.007582,0.004316,0.004556,0.00378,-0.03197,0.052627,-0.910959,0.062758,0.031782,-0.070547,-0.296209,0.353553,-0.887276,-0.680216,0.574047,0.455824,0.670496,0.738559,0.070455,-0.000896,-0.004453,-0.005373,0.001927,-0.091777,0.140732,0.519572
265,0.127215,-0.017701,0.294863,0.431865,-0.442626,-0.785888,0.535569,-0.575259,0.618236,-0.726273,-0.687348,-0.010395,-0.001755,-0.008659,-0.010484,0.00254,-0.092874,0.142457,0.519794,-0.182286,-0.005372,0.283061,-0.274054,-0.936639,0.218159,0.586651,0.016803,0.809625,-0.761631,0.351039,0.544567,0.015222,0.010025,0.010782,0.005525,-0.048739,0.07599,-1.401779,0.037946,0.041274,-0.029085,0.097213,0.96532,0.242291,-0.573888,-0.144529,0.806079,0.813142,-0.217409,0.539936,0.000213,0.004522,0.005428,-0.010269,0.098945,-0.137956,-0.911286,0.062702,0.031705,-0.070649,-0.294719,0.348924,-0.889602,-0.681034,0.576348,0.45168,0.670322,0.738968,0.067768,-0.000919,-0.004563,-0.005519,0.00375,-0.090145,0.137106,0.519245
266,0.127202,-0.018039,0.294423,0.430906,-0.433955,-0.791233,0.538809,-0.579649,0.611281,-0.72444,-0.689195,-0.014967,-0.001975,-0.009733,-0.011832,0.002111,-0.077142,0.118312,0.51886,-0.182135,-0.004986,0.283512,-0.274055,-0.936362,0.219345,0.58686,0.017732,0.809454,-0.76147,0.351734,0.544343,0.000495,0.010487,0.012546,0.003483,-0.033533,0.046745,-1.401349,0.038027,0.04147,-0.028856,0.097267,0.965025,0.243446,-0.573921,-0.145454,0.805889,0.813112,-0.218105,0.539701,0.000225,0.00492,0.005883,-0.010279,0.09893,-0.137938,-0.908183,0.062695,0.031536,-0.070869,-0.292208,0.340005,-0.893873,-0.683105,0.579932,0.443898,0.669313,0.740321,0.062798,0.006608,-0.005219,-0.006051,0.003843,-0.107331,0.17141,0.518919
267,0.127317,-0.018358,0.293992,0.430467,-0.427853,-0.794787,0.541507,-0.582079,0.606569,-0.722686,-0.690965,-0.017887,-0.001506,-0.007426,-0.009062,0.002548,-0.092893,0.142443,0.517829,-0.182128,-0.004565,0.283999,-0.274024,-0.936184,0.220141,0.587024,0.018363,0.80932,-0.761354,0.352175,0.54422,0.000513,0.010939,0.013026,0.001741,-0.016767,0.023372,-1.401147,0.03803,0.041681,-0.028611,0.097269,0.964829,0.244216,-0.573966,-0.146084,0.805743,0.81308,-0.218546,0.53957,0.000267,0.005823,0.006934,0.003474,-0.033526,0.046742,-0.907367,0.062746,0.03137,-0.071085,-0.290747,0.333884,-0.896652,-0.684902,0.581755,0.438712,0.668112,0.741674,0.059534,-0.000737,-0.003663,-0.004472,-0.000263,0.015713,-0.024186,0.518429
268,0.127359,-0.018485,0.293676,0.430265,-0.424757,-0.796554,0.543019,-0.583132,0.604201,-0.721669,-0.69199,-0.019254,-0.015914,-0.002795,-0.004006,-0.001416,0.030462,-0.053687,0.516507,-0.182108,-0.004178,0.284507,-0.274153,-0.93676,0.217513,0.586506,0.01625,0.809741,-0.761707,0.35074,0.544653,0.015149,0.009948,0.010535,0.003786,-0.031971,0.052619,-1.401266,0.038041,0.041883,-0.028348,0.09729,0.965491,0.241578,-0.573846,-0.143902,0.806221,0.813163,-0.217065,0.540043,0.007564,0.004939,0.005225,0.003744,-0.031659,0.052201,-0.910796,0.062771,0.031302,-0.071256,-0.289952,0.330425,-0.89819,-0.686077,0.582566,0.435792,0.667252,0.742586,0.057781,-0.007916,-0.001229,-0.001798,-0.001288,0.030431,-0.053679,0.516632
269,0.127307,-0.018465,0.293585,0.430252,-0.424103,-0.79691,0.543418,-0.583255,0.603725,-0.721377,-0.692288,-0.019485,0.00016,0.009827,-0.009745,0.035124,-0.016212,0.016587,0.515183,-0.182067,-0.004027,0.284698,-0.27416,-0.93674,0.217593,0.586499,0.016318,0.809744,-0.761709,0.350793,0.544616,0.01505,0.008031,0.008246,0.003786,-0.03197,0.052619,-1.401545,0.038056,0.041957,-0.028253,0.097298,0.965458,0.241706,-0.573828,-0.144009,0.806214,0.813174,-0.217141,0.539995,0.000166,0.003728,0.004409,0.001743,-0.016713,0.023318,-0.912592,0.062751,0.031306,-0.0713,-0.289853,0.329878,-0.898423,-0.686329,0.582603,0.435344,0.667035,0.7428,0.057536,-0.000184,-0.000922,-0.001129,0.000103,-3.2e-05,1.1e-05,0.515653
270,0.127113,-0.018434,0.293551,0.430271,-0.42356,-0.797189,0.543699,-0.583382,0.603348,-0.721154,-0.692514,-0.019726,0.000212,0.001043,0.001277,0.000429,-0.015754,0.024129,0.514823,-0.181915,-0.003775,0.284935,-0.274189,-0.936633,0.218012,0.586629,0.016603,0.809645,-0.761599,0.351063,0.544596,0.000252,0.005509,0.006501,0.001743,-0.016767,0.023372,-1.401209,0.038137,0.042083,-0.028135,0.09735,0.965355,0.242099,-0.573902,-0.144289,0.806112,0.813116,-0.217416,0.539973,0.000106,0.002423,0.002859,0.001744,-0.01677,0.023391,-0.912265,0.062648,0.031325,-0.071322,-0.289765,0.329206,-0.898698,-0.686587,0.582689,0.434822,0.666808,0.743031,0.057185,-0.007502,0.000843,0.000739,0.002037,-0.094033,0.137001,0.514183
271,0.126833,-0.018455,0.293661,0.430303,-0.423475,-0.797216,0.543545,-0.58357,0.603304,-0.721251,-0.692406,-0.019938,0.000221,0.001082,0.001325,0.0,0.0,0.0,0.514558,-0.181644,-0.003538,0.285145,-0.274262,-0.936561,0.21823,0.586717,0.016706,0.809579,-0.761505,0.351251,0.544606,0.014903,0.005502,0.00522,0.002045,-0.015205,0.029245,-1.401154,0.038267,0.0422,-0.028031,0.097431,0.965291,0.242319,-0.57397,-0.144409,0.806042,0.813059,-0.217618,0.539978,0.000133,0.003025,0.003558,0.001749,-0.016763,0.023371,-0.913899,0.062509,0.031319,-0.071262,-0.289782,0.329097,-0.898732,-0.686446,0.58289,0.434776,0.666946,0.742922,0.056996,-0.007388,0.001419,0.001438,-0.000518,-0.00107,-0.005435,0.513367
272,0.126685,-0.018494,0.293722,0.430322,-0.423575,-0.797152,0.543363,-0.583656,0.603386,-0.721377,-0.692273,-0.020009,3.5e-05,0.000171,0.000209,0.0,0.0,0.0,0.514347,-0.181473,-0.003388,0.285291,-0.274313,-0.936549,0.218222,0.586728,0.016662,0.809572,-0.761478,0.351287,0.54462,0.014981,0.007512,0.007572,0.003791,-0.031974,0.052616,-1.401456,0.038352,0.042268,-0.027967,0.097482,0.965314,0.242208,-0.573985,-0.144284,0.806053,0.813041,-0.2176,0.540011,0.007487,0.003726,0.003747,0.003804,-0.031973,0.052619,-0.913572,0.062441,0.031301,-0.071228,-0.289813,0.329178,-0.898693,-0.686296,0.583001,0.434863,0.667087,0.742799,0.056953,-0.000216,-0.00556,0.004086,-0.035071,0.016243,-0.01657,0.513367
273,0.126359,-0.018615,0.293823,0.430345,-0.423554,-0.797152,0.543054,-0.583952,0.603377,-0.721596,-0.692037,-0.020291,-0.015163,0.000955,0.000558,-0.000984,0.014715,-0.029553,0.513096,-0.181182,-0.002855,0.285592,-0.274706,-0.938068,0.211082,0.585842,0.010654,0.810315,-0.762018,0.347436,0.546334,0.014433,0.023895,0.005697,0.041958,-0.061458,0.09283,-1.401937,0.038498,0.042526,-0.027819,0.097591,0.967026,0.235232,-0.574204,-0.138343,0.806938,0.812874,-0.213821,0.54177,-0.000113,0.011701,0.003185,0.037914,-0.027085,0.036853,-0.916021,0.062273,0.031242,-0.071177,-0.28984,0.329176,-0.898684,-0.686004,0.583312,0.434907,0.667375,0.742555,0.056748,-0.007589,0.00045,0.000253,-0.000944,0.014714,-0.029584,0.511407
274,0.126079,-0.0187,0.293871,0.427881,-0.423601,-0.798452,0.544617,-0.584203,0.601723,-0.72188,-0.691796,-0.018271,-0.015064,0.001456,0.001166,0.001129,0.018819,-0.02692,0.512693,-0.181205,-0.001757,0.286057,-0.275113,-0.940184,0.200894,0.585104,0.00194,0.810915,-0.762437,0.341817,0.549285,5.7e-05,0.029974,0.013932,0.027843,0.069685,-0.097548,-1.401681,0.038497,0.043059,-0.027598,0.097609,0.969462,0.224976,-0.575059,-0.129559,0.807787,0.812267,-0.208222,0.544852,3.2e-05,0.015202,0.007218,0.039567,-0.043159,0.059087,-0.917164,0.062138,0.031202,-0.071158,-0.28696,0.329348,-0.899545,-0.687351,0.583276,0.432823,0.667233,0.742507,0.059001,-7e-06,-2.9e-05,-3.2e-05,-0.004495,-0.12272,0.157496,0.51108
275,0.125958,-0.018671,0.293902,0.427819,-0.422348,-0.799149,0.545136,-0.584693,0.600777,-0.721525,-0.69215,-0.018907,9.7e-05,0.00047,0.000576,0.0,1e-06,1e-06,0.513971,-0.181416,-0.000677,0.286685,-0.275024,-0.940158,0.201139,0.585984,0.001813,0.81028,-0.761793,0.34189,0.550132,-0.013815,0.017248,0.021141,0.001448,-0.018471,0.017396,-1.401264,0.038392,0.043613,-0.027275,0.097526,0.969406,0.225253,-0.575971,-0.129602,0.807131,0.811631,-0.208456,0.54571,0.000357,0.008576,0.009901,-0.008569,0.082598,-0.114363,-0.917164,0.062077,0.031212,-0.07114,-0.286921,0.328138,-0.9,-0.687547,0.583661,0.431993,0.667048,0.742741,0.058145,7.6e-05,0.000369,0.000454,-0.000196,-0.000453,-0.000284,0.511244
276,0.12594,-0.018644,0.293918,0.427796,-0.421928,-0.799382,0.54533,-0.584838,0.60046,-0.721391,-0.692283,-0.019102,0.000184,0.000886,0.001084,0.0,0.0,0.0,0.513953,-0.181437,-0.000398,0.287025,-0.274977,-0.93991,0.202357,0.586186,0.002802,0.810131,-0.761655,0.342566,0.549903,0.001322,0.002563,0.023716,-0.046715,0.112119,-0.154444,-1.401736,0.038376,0.043775,-0.027094,0.097522,0.969145,0.226375,-0.576026,-0.130523,0.806942,0.811592,-0.209092,0.545525,0.000317,0.00766,0.008809,0.003466,-0.033622,0.046646,-0.917817,0.062062,0.031226,-0.071131,-0.286808,0.327592,-0.900235,-0.687712,0.5838,0.431543,0.666927,0.742872,0.05785,0.000119,0.000574,0.000705,-1e-06,-7.2e-05,-6.5e-05,0.510917
277,0.125896,-0.01856,0.293985,0.427806,-0.421793,-0.799448,0.545416,-0.584849,0.60037,-0.72132,-0.692356,-0.01915,0.000475,0.002289,0.002799,0.000424,-0.015729,0.024146,0.513626,-0.181184,-0.000287,0.287661,-0.275,-0.939488,0.204277,0.585838,0.0046,0.810374,-0.761915,0.343705,0.548831,0.00101,-0.004702,0.015328,-0.034665,-0.004092,0.006498,-1.401676,0.038503,0.043839,-0.026765,0.097624,0.968653,0.228428,-0.575358,-0.13235,0.807122,0.812054,-0.210222,0.544402,0.007747,-0.002609,0.006746,-0.044686,0.096811,-0.125327,-0.915368,0.062041,0.031267,-0.071099,-0.286798,0.327452,-0.900289,-0.68778,0.583798,0.431438,0.666862,0.742937,0.057783,0.00024,0.00116,0.001421,0.000445,-0.015727,0.024167,0.510917
278,0.125894,-0.018455,0.294096,0.427802,-0.42163,-0.799537,0.545501,-0.584894,0.60025,-0.721259,-0.692419,-0.01922,0.000506,0.00244,0.002981,0.0,0.0,0.0,0.514106,-0.18063,-0.00068,0.287974,-0.275147,-0.939213,0.205342,0.584958,0.005823,0.811002,-0.762537,0.34444,0.547506,0.029744,-0.012845,0.003505,-0.032329,-0.01775,0.041614,-1.401557,0.038769,0.043649,-0.026601,0.097814,0.968378,0.229513,-0.574269,-0.13343,0.80772,0.812802,-0.210808,0.543058,0.007569,-0.00719,0.001494,-0.048214,0.130112,-0.172208,-0.91896,0.062039,0.03132,-0.071042,-0.286767,0.327282,-0.900361,-0.687842,0.583825,0.431301,0.666811,0.742989,0.057696,0.000315,0.001519,0.001856,1.2e-05,-7e-06,-2e-06,0.511407
279,0.125862,-0.018393,0.294187,0.42781,-0.421632,-0.799532,0.545477,-0.584909,0.600257,-0.721272,-0.692404,-0.01924,0.000662,0.00319,0.003895,0.0,0.0,0.0,0.513536,-0.180293,-0.000969,0.287987,-0.273342,-0.939037,0.208532,0.58707,0.008743,0.809448,-0.761565,0.344857,0.548594,0.015092,-0.016347,0.000739,-0.016485,-0.013586,0.003083,-1.401492,0.038943,0.043504,-0.026595,0.096005,0.967792,0.232722,-0.576057,-0.136649,0.805906,0.811751,-0.211432,0.544385,0.007507,-0.009055,-0.00065,-0.045589,0.003731,-0.012784,-0.918797,0.062023,0.031349,-0.071,-0.28678,0.327304,-0.900349,-0.687816,0.583838,0.431326,0.666832,0.74297,0.057692,0.000338,0.001631,0.001994,1.7e-05,4e-06,-3.4e-05,0.511407
280,0.125747,-0.018223,0.294388,0.427835,-0.421504,-0.799586,0.545515,-0.584951,0.600182,-0.721229,-0.692447,-0.019326,0.000955,0.004598,0.005604,0.000422,-0.015729,0.024146,0.513092,-0.179482,-0.001592,0.287668,-0.271572,-0.938323,0.213986,0.589426,0.013475,0.807669,-0.76038,0.346647,0.54911,0.028703,-0.01154,-0.015836,0.000989,0.002827,0.011504,-1.401444,0.039337,0.0432,-0.026745,0.094362,0.96664,0.238119,-0.577317,-0.141729,0.804125,0.811048,-0.21335,0.544684,0.00707,-0.005778,-0.007297,-0.008713,-0.000167,0.013079,-0.920103,0.061966,0.031434,-0.070899,-0.286786,0.327171,-0.900395,-0.687841,0.58387,0.431242,0.666804,0.743003,0.057595,-0.007071,0.002912,0.003244,-0.00097,0.014715,-0.029543,0.510754
281,0.125631,-0.017987,0.29462,0.42786,-0.421218,-0.799723,0.545672,-0.584996,0.599994,-0.721095,-0.692583,-0.01945,0.001171,0.005629,0.006845,0.000421,-0.01573,0.024145,0.513835,-0.178687,-0.002218,0.287013,-0.271581,-0.937154,0.21904,0.590084,0.017521,0.807111,-0.759867,0.349623,0.547932,0.028635,-0.015894,-0.021006,-0.000995,0.01591,-0.006552,-1.401337,0.03974,0.042877,-0.027077,0.094631,0.965355,0.243173,-0.577125,-0.145835,0.803529,0.811154,-0.21638,0.54333,0.007007,-0.008554,-0.010568,-0.008641,0.077974,-0.101013,-0.922226,0.061907,0.031551,-0.070784,-0.286766,0.326874,-0.900509,-0.687961,0.583889,0.431025,0.666688,0.743119,0.057437,-0.006701,0.009153,-1.9e-05,0.034527,-0.017355,0.011174,0.510917
282,0.125516,-0.01776,0.29489,0.427875,-0.420923,-0.79987,0.545779,-0.585103,0.599792,-0.721004,-0.692672,-0.01962,0.001217,0.005845,0.007089,0.000419,-0.01573,0.024145,0.513149,-0.178078,-0.002974,0.286028,-0.271723,-0.936793,0.220405,0.590357,0.018482,0.80689,-0.759604,0.350543,0.547709,-0.000733,-0.022301,-0.02606,-0.005334,0.05024,-0.070152,-1.401634,0.040055,0.042492,-0.027578,0.094861,0.965006,0.244465,-0.577214,-0.146759,0.803296,0.811064,-0.217311,0.543093,-0.000363,-0.011437,-0.013375,-0.005278,0.050435,-0.069823,-0.923043,0.06185,0.031665,-0.070648,-0.286734,0.326568,-0.900631,-0.688033,0.583972,0.430797,0.666628,0.743188,0.057245,-0.006925,0.003572,0.004027,-0.000555,-0.001004,-0.005433,0.511081
283,0.125449,-0.017649,0.295038,0.425389,-0.423384,-0.799898,0.542305,-0.588365,0.599754,-0.725086,-0.688397,-0.01968,0.001185,0.005685,0.006887,-0.002761,0.093042,-0.142496,0.512517,-0.177827,-0.003389,0.285519,-0.271766,-0.936549,0.221386,0.59052,0.019227,0.806753,-0.759462,0.351155,0.547513,-0.0007,-0.021668,-0.025442,-0.005341,0.05024,-0.070151,-1.401295,0.040181,0.042288,-0.027829,0.094953,0.964766,0.245377,-0.577236,-0.147461,0.803153,0.811038,-0.217903,0.542895,0.006993,-0.010615,-0.013133,-0.003249,0.035255,-0.040732,-0.923369,0.061817,0.031722,-0.070573,-0.2844,0.329094,-0.900451,-0.684855,0.587523,0.431032,0.670887,0.739264,0.05829,0.000567,0.002747,0.003336,-0.001715,-0.001406,0.000919,0.510754
284,0.125324,-0.017363,0.295376,0.425392,-0.422812,-0.800198,0.542527,-0.58858,0.599342,-0.724918,-0.688565,-0.01999,-0.013446,0.008936,0.010182,-0.000567,-0.001015,-0.005408,0.512781,-0.177521,-0.004189,0.28456,-0.271784,-0.93604,0.223503,0.590862,0.020881,0.806461,-0.759189,0.352417,0.54708,-0.000638,-0.020045,-0.023751,-0.00535,0.050237,-0.070152,-1.401396,0.040333,0.041875,-0.028324,0.095074,0.9642,0.247544,-0.57727,-0.149188,0.802808,0.810999,-0.219226,0.54242,-0.000304,-0.009981,-0.01183,-0.00533,0.050397,-0.070046,-0.923859,0.06176,0.031862,-0.070407,-0.284341,0.328596,-0.900651,-0.684974,0.587662,0.430654,0.67079,0.739376,0.057983,0.000776,0.003748,0.00453,0.000523,-0.015829,0.024189,0.510591
285,0.125308,-0.017054,0.295745,0.423895,-0.428937,-0.797729,0.538648,-0.588709,0.602705,-0.728679,-0.684652,-0.017508,0.001681,0.008058,0.009698,0.263417,0.310377,-0.691521,0.512885,-0.17743,-0.004885,0.283769,-0.271721,-0.935469,0.225956,0.591234,0.022861,0.806135,-0.758922,0.35381,0.546552,-0.000512,-0.016019,-0.019125,-0.003569,0.033488,-0.046771,-1.401159,0.040379,0.041528,-0.028718,0.095122,0.963577,0.24994,-0.57727,-0.151156,0.80244,0.810993,-0.220612,0.541866,-0.000241,-0.00797,-0.009516,-0.003568,0.033596,-0.0467,-0.925655,0.061746,0.032018,-0.070222,-0.283454,0.334302,-0.898829,-0.681864,0.588797,0.434024,0.674324,0.735906,0.061052,0.0009,0.004118,0.005016,0.878629,1.072621,-2.359324,0.509937
286,0.125329,-0.016897,0.295934,0.419363,-0.4338,-0.797495,0.536497,-0.590248,0.603118,-0.732873,-0.680246,-0.013798,0.001686,0.008092,0.009721,0.268076,0.327585,-0.681955,0.512626,-0.177461,-0.005174,0.283426,-0.27167,-0.935213,0.227075,0.591435,0.023764,0.805961,-0.758784,0.354428,0.546342,-0.000463,-0.014355,-0.017195,-0.003569,0.033488,-0.046771,-1.401142,0.040364,0.041383,-0.028891,0.095121,0.963288,0.251052,-0.577302,-0.152075,0.802243,0.81097,-0.221243,0.541643,-0.000212,-0.006937,-0.008308,-0.003582,0.033579,-0.046713,-0.924186,0.061758,0.0321,-0.070123,-0.279292,0.340152,-0.897937,-0.680042,0.590133,0.435069,0.677892,0.732147,0.066498,0.000847,0.004079,0.004911,0.269511,0.339973,-0.77183,0.509611
287,0.125374,-0.016582,0.296343,0.417883,-0.438453,-0.795725,0.537414,-0.586908,0.605555,-0.733044,-0.680146,-0.008633,0.001799,0.008646,0.010347,0.054193,0.090507,0.092147,0.51309,-0.177607,-0.005603,0.282908,-0.271559,-0.93482,0.228819,0.591772,0.025178,0.80567,-0.758561,0.355368,0.546042,-0.000298,-0.009038,-0.010879,-0.001783,0.016745,-0.023385,-1.401248,0.04029,0.041163,-0.029156,0.095087,0.962833,0.252805,-0.577374,-0.153534,0.801913,0.810923,-0.222215,0.541315,-0.000136,-0.00443,-0.00533,-0.001792,0.01681,-0.023354,-0.924676,0.061779,0.032254,-0.069922,-0.278869,0.345132,-0.896167,-0.681072,0.586818,0.437932,0.677031,0.73248,0.071415,0.000928,0.004488,0.00537,0.068544,0.116673,0.117657,0.508305
288,0.125467,-0.016254,0.296767,0.413305,-0.444153,-0.794955,0.534877,-0.588129,0.606617,-0.737479,-0.675375,-0.004515,0.001842,0.008874,0.010577,0.005953,-0.004795,0.031164,0.512618,-0.177771,-0.005841,0.28262,-0.271599,-0.935177,0.227311,0.591543,0.023961,0.805876,-0.758726,0.354511,0.54637,-0.000152,-0.004506,-0.005439,-0.001782,0.016745,-0.023385,-1.401356,0.040209,0.041043,-0.029302,0.095062,0.963228,0.251304,-0.577373,-0.152298,0.80215,0.810927,-0.22135,0.541664,-5.4e-05,-0.001746,-0.002105,-1.1e-05,0.000211,-0.000208,-0.923859,0.061826,0.032419,-0.069709,-0.274567,0.351252,-0.895117,-0.679014,0.588302,0.439135,0.680846,0.728369,0.076977,0.00095,0.004602,0.005487,-0.00753,-0.030195,0.016026,0.508141
289,0.125504,-0.016095,0.297005,0.410835,-0.445167,-0.795667,0.536148,-0.587915,0.605701,-0.737933,-0.674891,-0.001866,0.001906,0.009192,0.010933,0.229908,0.551215,0.151702,0.512677,-0.177817,-0.005893,0.282561,-0.271714,-0.935769,0.224719,0.591095,0.021864,0.806264,-0.759033,0.353077,0.546872,-7.1e-05,-0.00209,-0.002524,0.0,-0.0,0.0,-1.401418,0.040186,0.041016,-0.029333,0.095067,0.963895,0.248733,-0.577319,-0.150169,0.80259,0.810965,-0.219898,0.542199,-3.1e-05,-0.001022,-0.001233,-0.000114,0.001256,-0.001694,-0.923206,0.061845,0.032498,-0.06959,-0.274837,0.351381,-0.894983,-0.678795,0.588331,0.439435,0.680956,0.728283,0.07682,0.000735,-0.000884,0.009641,-0.037077,-0.004379,0.0046,0.507978
290,0.125607,-0.015809,0.297457,0.405667,-0.448052,-0.796699,0.534078,-0.591181,0.604349,-0.742277,-0.670113,0.000468,0.001898,0.009177,0.010872,0.015539,-0.002414,0.066924,0.512912,-0.177841,-0.005938,0.282508,-0.271688,-0.935656,0.225225,0.591187,0.022274,0.806186,-0.758972,0.353354,0.546778,-2.1e-05,-0.000615,-0.000742,0.0,-0.0,-0.0,-1.401428,0.040174,0.040996,-0.029355,0.095063,0.96376,0.249254,-0.577334,-0.150601,0.802498,0.810954,-0.220191,0.542095,-7e-06,-0.000241,-0.00029,7e-06,5.8e-05,-1.7e-05,-0.927451,0.061896,0.032641,-0.069364,-0.266933,0.355618,-0.895701,-0.677992,0.591223,0.436784,0.684888,0.723871,0.08329,0.000827,0.004028,0.004773,0.001408,-0.012205,0.0269,0.508305
291,0.125672,-0.015554,0.297903,0.398002,-0.451947,-0.798363,0.533234,-0.594197,0.602133,-0.747011,-0.664809,0.0055,0.001788,0.00866,0.01022,0.169167,0.317307,0.237677,0.512597,-0.17782,-0.005988,0.282446,-0.271654,-0.935421,0.226236,0.591366,0.023082,0.806032,-0.758844,0.353923,0.546587,-4.6e-05,-0.001344,-0.001625,0.0,0.0,0.0,-1.401093,0.040184,0.040975,-0.029382,0.095074,0.963499,0.25026,-0.577362,-0.151424,0.802323,0.810933,-0.220771,0.541891,-2e-05,-0.000662,-0.000801,-1.8e-05,2.9e-05,1e-05,-0.927778,0.061929,0.032773,-0.069137,-0.260815,0.35947,-0.895966,-0.676236,0.594321,0.435299,0.688969,0.719418,0.088079,0.000889,0.004339,0.005124,0.243029,0.45172,0.325277,0.508468
292,0.125766,-0.015346,0.298356,0.395448,-0.452448,-0.799348,0.534508,-0.594397,0.600803,-0.747454,-0.664288,0.007783,0.001588,0.00771,0.009066,0.033476,0.049577,0.065985,0.511141,-0.177801,-0.006071,0.282343,-0.273444,-0.934775,0.226752,0.589426,0.023321,0.807445,-0.759707,0.355616,0.544284,-9.7e-05,-0.002848,-0.003446,-0.001879,0.016807,-0.023333,-1.401134,0.040194,0.040938,-0.029428,0.097002,0.963181,0.250743,-0.575381,-0.151297,0.803769,0.812112,-0.22224,0.53952,-4.1e-05,-0.001254,-0.001518,0.004447,-0.001015,-0.0011,-0.928594,0.061975,0.032876,-0.068919,-0.256819,0.360372,-0.896757,-0.677895,0.594173,0.432915,0.68884,0.719089,0.0917,0.000788,0.003853,0.004532,0.040996,0.064763,0.075723,0.508305
293,0.125813,-0.015281,0.298561,0.395411,-0.452342,-0.799426,0.534406,-0.594593,0.600701,-0.747546,-0.664186,0.007624,0.001385,0.006733,0.007905,0.000905,-0.014747,0.024775,0.503984,-0.177791,-0.006127,0.282275,-0.273435,-0.934697,0.227083,0.589485,0.023585,0.807394,-0.759664,0.355803,0.544222,-0.000119,-0.003517,-0.004259,-0.001783,0.016746,-0.023384,-1.401229,0.040199,0.04091,-0.029462,0.096991,0.963095,0.251075,-0.57542,-0.151569,0.80369,0.812085,-0.222425,0.539484,-4.9e-05,-0.001476,-0.001788,0.000533,-0.000344,-0.0003,-0.928758,0.061999,0.032906,-0.068811,-0.256842,0.360398,-0.896741,-0.677701,0.594351,0.432974,0.689022,0.718929,0.091588,0.000381,-0.002576,0.00758,-0.043051,0.09846,-0.165862,0.504712
294,0.125878,-0.015162,0.298908,0.39286,-0.452903,-0.800366,0.53565,-0.594767,0.599419,-0.747998,-0.663646,0.009938,0.00127,0.006181,0.007237,0.000638,-0.01527,0.02444,0.501259,-0.177797,-0.006289,0.282078,-0.273395,-0.934454,0.228127,0.589673,0.024424,0.807232,-0.759533,0.356385,0.544024,-0.000165,-0.004833,-0.005864,-0.001782,0.016745,-0.023385,-1.400687,0.040196,0.040828,-0.029562,0.096986,0.962819,0.252133,-0.575454,-0.152446,0.803499,0.812062,-0.223019,0.539274,-8.2e-05,-0.002467,-0.002994,-0.001851,0.016585,-0.023496,-0.925982,0.062032,0.032967,-0.068636,-0.254236,0.36105,-0.897221,-0.678666,0.594341,0.431475,0.689039,0.71861,0.093929,0.00034,-0.002771,0.00734,-0.038351,-0.00658,0.003025,0.495894
295,0.12593,-0.014967,0.299151,0.388312,-0.456365,-0.800618,0.538222,-0.592914,0.59895,-0.74852,-0.662929,0.016391,0.000941,0.004589,0.005361,0.007753,0.015336,0.009812,0.474226,-0.177803,-0.006479,0.281847,-0.273357,-0.93422,0.22913,0.589854,0.02523,0.807075,-0.759407,0.356944,0.543834,-0.000155,-0.004546,-0.005527,-0.0,0.0,0.0,-1.400869,0.040193,0.040734,-0.029675,0.096984,0.962563,0.25311,-0.575482,-0.153254,0.803326,0.812042,-0.22357,0.539075,-8.1e-05,-0.002497,-0.003033,-0.001839,0.016636,-0.023458,-0.926309,0.062058,0.033066,-0.068512,-0.249687,0.3649,-0.896941,-0.681111,0.59222,0.430536,0.688289,0.718416,0.100667,0.000541,0.002653,0.003096,-0.008097,-0.030451,0.016978,0.478912
296,0.125992,-0.014896,0.299253,0.383958,-0.458288,-0.801619,0.545676,-0.587733,0.59731,-0.745355,-0.666203,0.025414,0.015704,0.002598,0.003572,0.265402,0.491977,0.387929,0.438765,-0.177806,-0.006586,0.281718,-0.273336,-0.934093,0.229674,0.589952,0.025666,0.80699,-0.759338,0.357247,0.543731,-0.000192,-0.005593,-0.006809,-0.001782,0.016745,-0.023385,-1.400893,0.040191,0.040678,-0.029743,0.096985,0.962416,0.253671,-0.575498,-0.153718,0.803226,0.812031,-0.223888,0.53896,-9.2e-05,-0.002822,-0.003435,-0.001813,0.016656,-0.02345,-0.926798,0.062083,0.033103,-0.068461,-0.24777,0.366379,-0.89687,-0.686697,0.58661,0.429342,0.683415,0.722256,0.106247,0.000347,0.001708,0.001994,0.012641,0.028904,0.021543,0.448704
297,0.12607,-0.014854,0.299319,0.377694,-0.45629,-0.805724,0.568983,-0.572143,0.590663,-0.730972,-0.680973,0.044534,4.4e-05,0.000213,0.000248,0.364386,0.395274,0.302608,0.303949,-0.177838,-0.006882,0.281359,-0.273256,-0.933651,0.231558,0.590292,0.027184,0.806691,-0.759102,0.35829,0.543373,-0.015142,-0.009542,-0.010286,-0.003826,0.031951,-0.05263,-1.40058,0.040181,0.040538,-0.029914,0.096987,0.961932,0.255499,-0.575551,-0.155228,0.802898,0.811993,-0.224923,0.538585,-0.000161,-0.004795,-0.005855,-0.003595,0.033424,-0.046804,-0.926635,0.062129,0.033128,-0.068423,-0.238601,0.365157,-0.899848,-0.708225,0.568562,0.418513,0.664443,0.737154,0.122954,-1.4e-05,-6.3e-05,-6.3e-05,0.381372,0.424872,0.323316,0.322806
298,0.126242,-0.014893,0.299265,0.355707,-0.457213,-0.815152,0.600334,-0.556704,0.574153,-0.71675,-0.693032,0.077476,0.00037,0.010731,-0.008606,0.90616,0.620377,0.568032,0.024692,-0.17783,-0.007259,0.280863,-0.278573,-0.930967,0.235983,0.591284,0.027244,0.805962,-0.756387,0.365219,0.542546,-0.000385,-0.011059,-0.01357,-0.003563,0.033493,-0.046768,-1.400514,0.040179,0.040349,-0.030162,0.102715,0.960159,0.259891,-0.576516,-0.155451,0.802162,0.810603,-0.232226,0.537579,-0.00018,-0.005329,-0.006535,-0.001634,0.016266,-0.023162,-0.927288,0.062214,0.033101,-0.068451,-0.216654,0.36672,-0.904752,-0.733822,0.550056,0.398675,0.643867,0.750302,0.149935,-9e-05,-0.000437,-0.000524,1.890544,0.074415,0.564283,0.046519
299,0.126343,-0.014815,0.299153,0.329121,-0.459546,-0.824949,0.6421,-0.531666,0.552277,-0.692802,-0.710901,0.121123,0.000484,0.011298,-0.007944,0.555719,0.914605,0.622948,-0.196274,-0.1778,-0.007716,0.280313,-0.278087,-0.928655,0.245474,0.59297,0.034947,0.804425,-0.755247,0.370422,0.540604,-0.000416,-0.011883,-0.014656,0.00859,-0.080925,0.112967,-1.400496,0.040194,0.040119,-0.030439,0.10265,0.957502,0.269541,-0.576761,-0.16348,0.800387,0.810437,-0.237621,0.535469,-0.000195,-0.005774,-0.007121,-0.00193,0.015591,-0.021836,-0.924349,0.062264,0.033137,-0.06851,-0.188214,0.370464,-0.909576,-0.769515,0.51984,0.37096,0.610262,0.769754,0.187236,-5e-06,-3.4e-05,-2e-05,0.638501,0.943427,0.63595,-0.256385
300,0.126324,-0.014773,0.299138,0.31469,-0.462352,-0.829003,0.662684,-0.51829,0.540552,-0.67998,-0.718905,0.144329,6.3e-05,0.000308,0.00036,0.925432,0.742402,0.575791,-0.28253,-0.177786,-0.007927,0.280033,-0.283566,-0.926869,0.245959,0.593277,0.03181,0.804329,-0.752959,0.375163,0.540527,-0.000382,-0.010887,-0.013464,0.009228,0.052752,0.000813,-1.398386,0.040201,0.04001,-0.030583,0.108336,0.956798,0.269812,-0.577623,-0.160308,0.800407,0.809082,-0.242563,0.535301,-0.000195,-0.005745,-0.007101,0.03401,0.153979,0.035195,-0.924349,0.062255,0.033162,-0.068521,-0.173512,0.374123,-0.911001,-0.786237,0.50443,0.356904,0.593063,0.778191,0.206625,4.4e-05,0.000216,0.000251,1.942574,0.182709,0.4837,-0.355013
301,0.126325,-0.014779,0.299163,0.290139,-0.471006,-0.833077,0.683025,-0.507832,0.524934,-0.67067,-0.720737,0.175408,0.000121,0.000595,0.000694,0.181806,0.356584,0.228299,-0.479881,-0.177789,-0.008327,0.27952,-0.283344,-0.925806,0.250182,0.594082,0.035212,0.803592,-0.752408,0.377481,0.539679,-0.000323,-0.00913,-0.011344,-0.001782,0.016747,-0.023383,-1.380071,0.0402,0.03981,-0.030839,0.108346,0.95561,0.273986,-0.577798,-0.163741,0.799585,0.808955,-0.244941,0.534409,-0.000163,-0.004803,-0.005964,-0.003584,0.032894,-0.046244,-0.919777,0.062255,0.033159,-0.068509,-0.147633,0.384804,-0.911114,-0.803295,0.490768,0.337436,0.576992,0.781711,0.236657,9.5e-05,0.000458,0.000545,0.222673,0.443098,0.282962,-0.508996
302,0.12638,-0.01483,0.2992,0.277643,-0.47648,-0.834222,0.688641,-0.506774,0.51858,-0.670198,-0.717874,0.188464,2e-06,9e-06,1e-05,0.024887,0.048664,0.031143,-0.665658,-0.177821,-0.008614,0.279165,-0.283278,-0.92548,0.251459,0.594326,0.03624,0.803366,-0.75224,0.378184,0.539421,-0.000244,-0.00683,-0.008515,-0.001782,0.016747,-0.023383,-1.350018,0.040184,0.039662,-0.031023,0.108335,0.955243,0.275268,-0.577848,-0.164806,0.799331,0.808922,-0.245659,0.534131,-0.00011,-0.003249,-0.004049,-0.001824,0.016631,-0.023451,-0.911449,0.062283,0.033135,-0.068488,-0.135622,0.391236,-0.910241,-0.807376,0.488848,0.33041,0.574238,0.779718,0.249576,-3e-06,-8e-06,-7e-06,-0.013487,-0.021041,-0.013337,-0.656284
303,0.126425,-0.014826,0.29919,0.277643,-0.47651,-0.834205,0.688653,-0.506743,0.518595,-0.670187,-0.717875,0.188499,0.000495,0.011358,-0.007874,0.035468,-0.015574,0.017013,-0.779309,-0.177858,-0.00872,0.279036,-0.28324,-0.925325,0.252071,0.594444,0.036736,0.803256,-0.752162,0.378515,0.539298,-0.000182,-0.005062,-0.006318,-0.001782,0.016747,-0.023383,-1.331345,0.040165,0.039607,-0.031089,0.108323,0.955069,0.275876,-0.577872,-0.165314,0.799209,0.808906,-0.245994,0.534,-7.4e-05,-0.002212,-0.002759,-4.6e-05,-9.2e-05,-5.6e-05,-0.909163,0.062305,0.033137,-0.068493,-0.136299,0.390978,-0.910251,-0.807134,0.488936,0.33087,0.574418,0.779792,0.24893,0.000245,0.005671,-0.003946,0.026597,-0.031202,0.007042,-0.735643
304,0.126465,-0.014716,0.29913,0.277574,-0.476114,-0.834454,0.688972,-0.506692,0.51822,-0.669886,-0.718174,0.188428,4.3e-05,0.000213,0.000248,0.0,0.0,0.0,-1.116117,-0.177907,-0.0088,0.278923,-0.283033,-0.924452,0.255484,0.595098,0.039499,0.80264,-0.751722,0.38037,0.538605,-2.8e-05,-0.000775,-0.000968,-0.0,0.0,-0.0,-1.28883,0.040141,0.039563,-0.03115,0.108276,0.954081,0.279292,-0.578006,-0.168157,0.798518,0.808816,-0.247892,0.533257,-7e-06,-0.00027,-0.000336,-1e-06,-0.000372,0.000416,-0.905897,0.062325,0.033191,-0.068524,-0.136309,0.390507,-0.910452,-0.807307,0.488868,0.33055,0.574173,0.780072,0.248622,2.6e-05,0.000127,0.00015,-0.000431,-0.000229,-0.000112,-0.934204
305,0.126426,-0.014583,0.299045,0.276662,-0.473007,-0.836521,0.689924,-0.508198,0.515472,-0.669282,-0.719166,0.186786,0.000423,0.011,-0.00829,0.035102,-0.0163,0.016548,-1.399957,-0.17795,-0.008752,0.278988,-0.282997,-0.924329,0.255967,0.595192,0.039893,0.802551,-0.751662,0.380627,0.538508,4.7e-05,0.001307,0.001632,0.0,0.0,0.0,-1.227522,0.040119,0.03959,-0.031114,0.10826,0.953944,0.279766,-0.578025,-0.168557,0.79842,0.808805,-0.248149,0.533155,2.9e-05,0.000778,0.000971,-4.7e-05,-3.3e-05,-2.2e-05,-0.892834,0.062306,0.033254,-0.068562,-0.134809,0.387326,-0.912033,-0.807769,0.490124,0.327545,0.573876,0.780869,0.246797,-5e-05,-0.00025,-0.000291,-0.000244,0.001839,-0.002714,-1.013237
306,0.126414,-0.014551,0.299003,0.276485,-0.472253,-0.837005,0.690229,-0.508451,0.514815,-0.669041,-0.719483,0.18643,-0.000103,-0.000508,-0.000592,0.0,0.0,0.0,-1.683333,-0.177958,-0.008665,0.279098,-0.28296,-0.924147,0.256664,0.595325,0.040454,0.802425,-0.75157,0.38101,0.538364,8.4e-05,0.002317,0.00289,0.0,0.0,0.0,-1.179164,0.040115,0.039635,-0.031058,0.108256,0.953741,0.280459,-0.578052,-0.169131,0.798279,0.808786,-0.248538,0.533002,5.3e-05,0.001478,0.001845,-1.8e-05,-2.2e-05,-2.5e-05,-0.878138,0.0623,0.033275,-0.068586,-0.134502,0.386564,-0.912401,-0.807964,0.490281,0.326828,0.573673,0.781147,0.246387,-6.6e-05,-0.000333,-0.000389,-0.000103,5.1e-05,5e-06,-1.004746
307,0.126412,-0.014562,0.29899,0.27565,-0.469689,-0.838721,0.690769,-0.509992,0.51256,-0.668827,-0.720072,0.184916,-0.000253,-0.001242,-0.001449,-0.008912,-0.02122,0.040123,-1.761653,-0.177978,-0.008625,0.279167,-0.282946,-0.924106,0.256827,0.595337,0.040598,0.802408,-0.751566,0.381094,0.538311,8.5e-05,0.002343,0.002921,0.0,0.0,0.0,-1.176817,0.040105,0.039656,-0.031023,0.108249,0.953694,0.28062,-0.578037,-0.169275,0.79826,0.808798,-0.24862,0.532947,5e-05,0.001381,0.001722,0.001753,-0.016761,0.023364,-0.880097,0.062299,0.033271,-0.068591,-0.133182,0.383933,-0.913705,-0.808151,0.491607,0.324367,0.573719,0.781612,0.244802,-0.000259,-0.005736,0.00387,-0.063283,-0.117586,0.214228,-1.004746
308,0.126424,-0.014627,0.298947,0.272277,-0.468119,-0.840699,0.692427,-0.511372,0.508936,-0.668489,-0.720118,0.185954,-0.000466,-0.002291,-0.002674,-1.2e-05,0.016528,-0.023634,-1.7979,-0.178021,-0.00854,0.27926,-0.282894,-0.923901,0.257622,0.59551,0.041233,0.802248,-0.751449,0.381525,0.53817,-0.014832,0.00162,0.003403,-0.002045,0.015205,-0.029245,-1.192441,0.04009,0.039699,-0.030976,0.108238,0.95347,0.281386,-0.578089,-0.169905,0.798088,0.808762,-0.249049,0.5328,4.2e-05,0.001207,0.001503,0.001759,-0.016763,0.023378,-0.897079,0.062306,0.03324,-0.06861,-0.12928,0.382509,-0.914861,-0.809173,0.492589,0.3203,0.573169,0.781691,0.245834,-0.000148,-0.000729,-0.000852,-0.004765,-0.007294,-0.008199,-1.004583
309,0.126624,-0.014793,0.298698,0.267066,-0.462316,-0.845568,0.690942,-0.519803,0.50237,-0.672113,-0.717835,0.181669,0.013409,-0.008676,-0.009618,-0.002948,-0.009497,0.024896,-1.434385,-0.178151,-0.00842,0.279405,-0.282834,-0.923806,0.258029,0.595614,0.041571,0.802154,-0.751389,0.381719,0.538115,-0.014759,0.003446,0.005667,-0.000266,-0.001543,-0.005863,-1.26524,0.040024,0.039754,-0.030908,0.108195,0.953349,0.281811,-0.578129,-0.170272,0.797981,0.808739,-0.249261,0.532736,7.1e-05,0.001991,0.00248,0.001766,-0.016756,0.023379,-0.919777,0.062402,0.033164,-0.068726,-0.122942,0.376746,-0.918121,-0.806905,0.500632,0.313481,0.577743,0.779377,0.24245,0.006911,0.001132,-0.008985,0.023307,-0.052,0.086124,-0.950533
310,0.126786,-0.014946,0.298382,0.272041,-0.460109,-0.845185,0.688881,-0.520152,0.504833,-0.67224,-0.719002,0.176514,0.012583,-0.012804,-0.01448,-0.12408,-0.244913,-0.15241,-0.923675,-0.17826,-0.008324,0.279535,-0.282969,-0.924555,0.255181,0.595094,0.039278,0.802654,-0.75175,0.380141,0.538728,0.000214,0.005801,0.007208,0.007086,-0.059395,0.084358,-1.305873,0.03997,0.039798,-0.030848,0.108187,0.954119,0.279196,-0.578047,-0.168114,0.798497,0.808799,-0.247776,0.533339,9.7e-05,0.002686,0.003346,0.06737,-0.541638,0.773222,-0.91994,0.062479,0.033093,-0.06887,-0.126761,0.374649,-0.91846,-0.805718,0.501188,0.31564,0.578575,0.780031,0.23833,0.006223,-0.006766,-0.00767,-0.23734,-0.451097,-0.320336,-0.84766
311,0.127077,-0.015233,0.297454,0.271031,-0.463095,-0.843878,0.66813,-0.540608,0.511192,-0.693273,-0.7018,0.16394,0.012148,-0.006127,-0.027968,-1.550582,0.479691,0.032671,-0.214811,-0.178594,-0.008024,0.279957,-0.28304,-0.925363,0.252155,0.594532,0.03689,0.803184,-0.752167,0.378406,0.539366,-0.014477,0.01027,0.014078,0.001505,-0.018291,0.017521,-1.377413,0.039803,0.039945,-0.030642,0.10811,0.955064,0.275976,-0.577929,-0.165498,0.799129,0.808894,-0.245889,0.534067,-0.007249,0.005029,0.006914,-0.000433,-4.9e-05,-0.00798,-0.92141,0.062628,0.032944,-0.069341,-0.127493,0.377044,-0.917377,-0.788566,0.522469,0.324328,0.601588,0.764763,0.230713,-0.001152,0.003203,-0.017819,-4.866373,2.295385,0.55791,-0.700699
312,0.127349,-0.015269,0.296272,0.260852,-0.470102,-0.843211,0.628425,-0.580368,0.517907,-0.733165,-0.664414,0.145088,-0.002662,-0.004221,-0.02638,-1.580503,0.428415,0.149268,0.089071,-0.179043,-0.007568,0.280595,-0.28142,-0.927523,0.245958,0.595381,0.032106,0.802761,-0.752106,0.373514,0.542851,-0.013582,0.001261,0.024626,0.088131,-0.08597,-0.066338,-1.399852,0.039578,0.040179,-0.030323,0.106445,0.957011,0.269811,-0.579601,-0.160763,0.798885,0.807918,-0.24142,0.537572,-0.007177,0.006513,0.0087,0.173292,-0.11986,-0.070632,-0.921736,0.062769,0.032919,-0.06994,-0.118552,0.384814,-0.915348,-0.753305,0.565721,0.335395,0.646896,0.729298,0.222815,0.006385,0.002883,-0.018006,-4.957114,2.452281,0.543387,-0.604357
313,0.127677,-0.014829,0.2949,0.226121,-0.484176,-0.845274,0.578943,-0.631065,0.516288,-0.783678,-0.605514,0.138669,0.013484,0.009384,-0.031116,0.060824,-0.119506,0.181638,0.311114,-0.179699,-0.007098,0.281315,-0.279708,-0.929543,0.24022,0.596269,0.027781,0.802263,-0.752043,0.3688,0.546151,-0.014313,0.012404,0.016499,0.04793,-0.048541,-0.007698,-1.400284,0.039256,0.040411,-0.029959,0.104066,0.958856,0.264128,-0.581538,-0.156778,0.798269,0.806835,-0.236673,0.541296,-0.007157,0.006497,0.008623,0.043191,-0.054056,-0.01707,-0.920267,0.06292,0.03312,-0.070618,-0.084363,0.401827,-0.91182,-0.706483,0.621193,0.339117,0.702683,0.672795,0.231478,0.006772,0.004727,-0.01547,-0.046854,0.080897,0.049913,-0.480256
314,0.128,-0.014531,0.29432,0.211739,-0.488814,-0.846329,0.561637,-0.647841,0.514624,-0.800105,-0.583694,0.13842,0.014175,0.012846,-0.026998,-0.3502,0.22451,0.107386,0.369053,-0.180044,-0.006929,0.281634,-0.279906,-0.93091,0.234628,0.595161,0.02337,0.803225,-0.752846,0.365636,0.547172,-0.029162,0.010918,0.01596,0.001727,-0.016466,0.006099,-1.400124,0.039084,0.040503,-0.029791,0.103917,0.960405,0.2585,-0.581113,-0.152299,0.799445,0.80716,-0.233294,0.542277,-0.007194,0.005346,0.007192,-0.005876,-0.040443,0.054572,-0.91945,0.063086,0.033272,-0.070928,-0.070332,0.407258,-0.9106,-0.690668,0.638775,0.339032,0.719742,0.652768,0.236354,0.01483,0.011505,-0.017857,-1.297671,0.71598,0.470927,-0.331336
315,0.129148,-0.013867,0.293384,0.185384,-0.493138,-0.849996,0.529548,-0.678516,0.509084,-0.828015,-0.543883,0.136416,0.03025,0.017405,-0.021037,0.068365,-0.043994,0.068703,0.431448,-0.180811,-0.006667,0.282202,-0.277959,-0.932024,0.232512,0.596603,0.022074,0.802191,-0.752429,0.362862,0.549587,-0.014431,0.008217,0.011278,0.104272,-0.069802,-0.062659,-1.400548,0.038695,0.040637,-0.029502,0.102094,0.961144,0.256474,-0.58271,-0.151176,0.798495,0.806241,-0.230971,0.544634,-0.01463,0.003906,0.006059,0.133264,-0.070567,-0.106776,-0.918471,0.063665,0.033607,-0.071407,-0.043772,0.413362,-0.909513,-0.659768,0.67166,0.337013,0.750193,0.61482,0.243323,0.015205,0.009014,-0.010127,0.071071,-0.050114,0.06923,-0.024186
316,0.130461,-0.013219,0.292834,0.164617,-0.475608,-0.864143,0.503889,-0.712599,0.488129,-0.848151,-0.515202,0.123427,0.045953,0.020512,-0.016861,-0.486161,-0.241719,0.895614,0.461705,-0.181643,-0.006463,0.282573,-0.277785,-0.932418,0.231134,0.596334,0.021126,0.802417,-0.752706,0.361902,0.54984,-0.01457,0.004537,0.006774,-0.002022,0.015191,-0.029257,-1.400974,0.038279,0.040743,-0.029313,0.101578,0.961568,0.255083,-0.582609,-0.15034,0.798726,0.806379,-0.229747,0.544947,-0.007279,0.002539,0.003729,-0.002366,0.000145,-0.005971,-0.917164,0.064322,0.033933,-0.07168,-0.019684,0.396478,-0.917832,-0.632756,0.70583,0.318469,0.7741,0.587033,0.236981,0.023037,0.010471,-0.008154,-0.485893,-0.275144,0.951772,0.287373
317,0.131128,-0.012948,0.292631,0.159129,-0.463105,-0.871927,0.496912,-0.725583,0.476005,-0.853293,-0.508449,0.115751,0.030632,0.010785,-0.007578,0.02797,-0.193034,0.30479,0.474204,-0.182005,-0.006362,0.282711,-0.277786,-0.932923,0.229089,0.595998,0.019526,0.802707,-0.752972,0.360686,0.550274,-0.014554,0.004676,0.006927,-0.012333,0.113954,-0.167313,-1.400582,0.038098,0.04079,-0.029247,0.101503,0.962153,0.252899,-0.582556,-0.148582,0.799094,0.806427,-0.228438,0.545426,-0.007297,0.002038,0.003115,-0.002452,0.018246,-0.032348,-0.917328,0.064656,0.034071,-0.071778,-0.011923,0.383684,-0.923387,-0.624218,0.718558,0.306634,0.781158,0.580051,0.230935,0.015353,0.00554,-0.003613,0.030863,-0.188809,0.293299,0.382408
318,0.132381,-0.012612,0.292315,0.15208,-0.436037,-0.887011,0.487159,-0.74779,0.451063,-0.860167,-0.500178,0.099803,0.030256,0.009044,-0.009714,-0.391015,-1.637138,2.766711,0.489257,-0.182617,-0.006146,0.282994,-0.277702,-0.93342,0.227156,0.595715,0.018051,0.802951,-0.753226,0.359472,0.55072,-0.0145,0.005371,0.007736,-0.000307,-0.001529,-0.00585,-1.400831,0.037786,0.040897,-0.029107,0.101345,0.962625,0.251159,-0.582557,-0.147226,0.799344,0.806446,-0.227325,0.545863,-0.007257,0.002657,0.003845,-0.000255,-0.000832,-0.006091,-0.917981,0.065283,0.034245,-0.071929,-0.000553,0.357103,-0.934064,-0.611274,0.739115,0.282935,0.791418,0.571125,0.217879,0.015201,0.004437,-0.004897,-0.385021,-1.632258,2.762952,0.45001
319,0.133314,-0.012634,0.292105,0.148387,-0.419613,-0.895517,0.481331,-0.760395,0.435995,-0.864081,-0.495222,0.090258,0.014548,-0.003206,-0.003412,0.006407,-0.220755,0.335588,0.491058,-0.182957,-0.005882,0.283359,-0.277702,-0.933901,0.225168,0.59535,0.016515,0.803255,-0.753515,0.358291,0.551095,0.000351,0.006985,0.008394,0.003166,-0.029647,0.041619,-1.400391,0.037621,0.041023,-0.028932,0.101273,0.96314,0.249206,-0.582483,-0.145665,0.799684,0.806509,-0.226145,0.546261,0.000164,0.003393,0.004084,0.007037,-0.056022,0.080902,-0.918307,0.065734,0.034233,-0.072026,0.005783,0.340289,-0.940302,-0.603289,0.751105,0.268109,0.797501,0.565724,0.209636,0.007346,-0.001241,-0.001281,0.009436,-0.238155,0.359277,0.469605
320,0.13359,-0.012664,0.292045,0.146506,-0.413466,-0.898681,0.477914,-0.765833,0.430197,-0.866294,-0.492012,0.086525,0.014737,-0.00218,-0.002188,-0.44307,0.088183,0.237552,0.491189,-0.183028,-0.005742,0.283532,-0.277662,-0.933825,0.225536,0.595421,0.016822,0.803196,-0.753474,0.358476,0.551031,-0.014384,0.007181,0.009863,-0.000311,-0.001529,-0.005849,-1.400011,0.037586,0.041095,-0.028843,0.101252,0.963056,0.249539,-0.582497,-0.14595,0.799622,0.806501,-0.22632,0.546199,0.000185,0.003782,0.004543,0.001717,-0.015785,0.022491,-0.918797,0.065877,0.034219,-0.072064,0.007911,0.333606,-0.942678,-0.600471,0.755404,0.262292,0.799606,0.563977,0.206297,0.007316,-0.001118,-0.001492,-4.963368,2.131111,0.835721,0.473034
321,0.13371,-0.012783,0.29197,0.144878,-0.405671,-0.902489,0.474548,-0.771869,0.423078,-0.868414,-0.489072,0.081811,-0.000436,-0.002394,-0.002873,0.002948,-0.11106,0.164973,0.493959,-0.182999,-0.005365,0.283984,-0.277824,-0.934532,0.222385,0.594844,0.014283,0.803673,-0.753869,0.356736,0.551619,0.000514,0.010275,0.012275,0.001734,-0.016734,0.023396,-1.400777,0.037595,0.041276,-0.028625,0.101287,0.96384,0.246481,-0.5824,-0.143419,0.80015,0.806566,-0.224595,0.546814,0.00025,0.005118,0.006117,0.001754,-0.016359,0.023183,-0.917164,0.065948,0.034161,-0.0721,0.011452,0.325693,-0.945405,-0.594904,0.762155,0.255357,0.803714,0.559502,0.202484,-0.000262,-0.001442,-0.00173,0.004314,-0.095872,0.141006,0.475973
322,0.133393,-0.012955,0.291885,0.137758,-0.403664,-0.904501,0.46673,-0.779,0.418681,-0.873785,-0.479339,0.082218,-0.015699,-0.003008,-0.004049,0.00352,-0.075288,0.114819,0.501935,-0.182867,-0.004927,0.284496,-0.277836,-0.934418,0.222848,0.594924,0.014636,0.803607,-0.753801,0.357021,0.551528,0.000565,0.011464,0.013629,-0.010239,0.098753,-0.138068,-1.400755,0.037655,0.041495,-0.028369,0.101322,0.963748,0.246825,-0.582412,-0.143681,0.800094,0.806554,-0.224821,0.54674,0.000285,0.005945,0.007068,0.001756,-0.016636,0.023479,-0.917818,0.06579,0.034075,-0.072142,0.019157,0.323958,-0.945877,-0.586905,0.769545,0.251678,0.809428,0.550319,0.204875,-0.007861,-0.001579,-0.002108,-0.002843,-0.095335,0.101978,0.483974
323,0.132777,-0.013134,0.29175,0.13334,-0.402038,-0.905887,0.457309,-0.785957,0.416067,-0.879429,-0.469256,0.080187,-0.015919,-0.004093,-0.005379,-0.001405,0.030799,-0.053464,0.507976,-0.182702,-0.004459,0.285038,-0.277867,-0.93434,0.223135,0.594971,0.014842,0.803569,-0.753753,0.357215,0.551467,0.000585,0.012076,0.014281,-0.010246,0.098753,-0.138067,-1.400592,0.037744,0.041735,-0.028091,0.101373,0.963686,0.247044,-0.582418,-0.143833,0.800063,0.806543,-0.224988,0.546687,0.007658,0.006656,0.007247,0.005546,-0.048601,0.076081,-0.918307,0.065488,0.033987,-0.072208,0.023646,0.322512,-0.946269,-0.577555,0.777003,0.25039,0.816008,0.540602,0.204642,-0.007934,-0.001918,-0.002519,-0.00037,0.029949,-0.054996,0.494262
324,0.132364,-0.013236,0.291664,0.133582,-0.399501,-0.906973,0.45713,-0.787155,0.413994,-0.879486,-0.469417,0.078606,-0.016383,-0.015701,0.002146,-0.036142,0.030873,-0.046121,0.512732,-0.182612,-0.004216,0.285335,-0.276042,-0.934856,0.223239,0.59697,0.015138,0.802079,-0.752845,0.355847,0.553588,0.000626,0.013046,0.015386,0.267547,-0.100301,-0.265911,-1.400687,0.037788,0.041855,-0.027945,0.100572,0.963758,0.24709,-0.583379,-0.144054,0.799322,0.805948,-0.224537,0.547749,0.007642,0.006511,0.007055,0.497225,-0.299587,-0.140792,-0.917818,0.065281,0.033939,-0.072255,0.02376,0.319862,-0.947165,-0.577084,0.778033,0.248269,0.816338,0.540695,0.203073,-0.015547,-0.002035,-0.002899,-0.001376,0.047598,-0.087124,0.498507
325,0.131442,-0.013492,0.291361,0.132406,-0.386195,-0.912889,0.452069,-0.796093,0.402295,-0.882275,-0.465482,0.070318,-0.031566,-0.006242,-0.008526,-0.038606,-0.190441,0.293497,0.520718,-0.182458,-0.00376,0.285875,-0.274227,-0.935338,0.223457,0.598985,0.015523,0.800569,-0.751911,0.354558,0.555682,0.000525,0.011116,0.013043,0.065734,-0.059002,-0.011668,-1.400227,0.037866,0.042087,-0.027669,0.097654,0.963944,0.247534,-0.586444,-0.145218,0.796865,0.804081,-0.222982,0.551118,0.000267,0.00581,0.006814,0.060825,-0.081236,0.008396,-0.918634,0.064815,0.033808,-0.072403,0.026887,0.306313,-0.95155,-0.570377,0.786434,0.237044,0.820942,0.53637,0.195859,-0.015809,-0.003271,-0.004427,-0.037734,-0.198963,0.3049,0.508305
326,0.130429,-0.013896,0.29097,0.133611,-0.374599,-0.917534,0.452076,-0.800849,0.392734,-0.882091,-0.46681,0.06349,-0.032097,-0.008585,-0.011473,-0.039164,-0.174412,0.269535,0.522123,-0.182285,-0.0034,0.28633,-0.272419,-0.935819,0.223657,0.600952,0.015917,0.799085,-0.751001,0.353267,0.557731,0.000406,0.008748,0.01022,0.201188,-0.148482,-0.085891,-1.40012,0.037952,0.04227,-0.027438,0.096391,0.964034,0.247682,-0.587627,-0.14573,0.7959,0.803369,-0.222263,0.552445,0.000548,-0.001476,0.008774,0.280111,-0.064579,-0.305319,-0.917001,0.064308,0.033605,-0.072599,0.027322,0.294374,-0.955299,-0.568816,0.790431,0.227302,0.82201,0.537179,0.189041,-0.01606,-0.004375,-0.005819,-0.03834,-0.184184,0.283723,0.515
327,0.129869,-0.014112,0.290771,0.134002,-0.372527,-0.91832,0.452212,-0.801573,0.391097,-0.881962,-0.467227,0.062195,-0.032094,-0.008328,-0.011218,0.000395,-0.065405,0.082055,0.52248,-0.182211,-0.003291,0.286515,-0.272435,-0.935786,0.223775,0.600891,0.016037,0.799129,-0.751044,0.353348,0.557621,0.000315,0.006821,0.007957,-0.007355,0.096794,-0.139687,-1.400472,0.037989,0.042327,-0.027343,0.09564,0.964102,0.247707,-0.58815,-0.146032,0.795457,0.803076,-0.221767,0.55307,0.007463,0.00332,0.003251,-0.011657,-0.030158,0.055068,-0.915368,0.06404,0.033498,-0.072697,0.027226,0.292308,-0.955936,-0.568671,0.791001,0.225677,0.822113,0.537469,0.187763,-0.016119,-0.004564,-0.00608,0.000641,-0.048537,0.056574,0.516796
328,0.128672,-0.014523,0.290425,0.134629,-0.369716,-0.919365,0.452257,-0.802602,0.38893,-0.881845,-0.467698,0.0603,-0.016968,-0.008551,-0.011046,-0.001769,0.046838,-0.077406,0.522456,-0.182066,-0.003245,0.286747,-0.270588,-0.936128,0.224584,0.602786,0.017011,0.79768,-0.750195,0.352392,0.559366,6.3e-05,0.001392,0.001621,0.234468,-0.155194,-0.128616,-1.400394,0.038062,0.04236,-0.027224,0.094915,0.96396,0.248536,-0.588775,-0.146956,0.794825,0.802704,-0.221773,0.553607,0.00735,0.000909,0.000435,0.493195,-0.266407,-0.186875,-0.916674,0.063435,0.03329,-0.072874,0.026983,0.289262,-0.956869,-0.568368,0.791876,0.223358,0.822331,0.537827,0.185774,-0.01587,-0.003067,-0.004301,0.000829,-0.065446,0.081986,0.518592
329,0.127503,-0.014773,0.290257,0.134895,-0.369803,-0.91929,0.451938,-0.802674,0.389151,-0.881968,-0.467504,0.059999,-0.031062,-0.002404,-0.004144,-0.002353,0.045483,-0.083038,0.523088,-0.181931,-0.003303,0.286777,-0.270616,-0.936058,0.224841,0.602688,0.017259,0.79775,-0.750265,0.352566,0.559163,-5.4e-05,-0.001205,-0.001404,5.9e-05,-3.9e-05,-3.2e-05,-1.400314,0.038129,0.042325,-0.027207,0.093845,0.963975,0.248885,-0.589573,-0.147632,0.794108,0.802244,-0.221259,0.554479,-4.3e-05,-0.000935,-0.001093,-0.003138,0.001237,0.001114,-0.917491,0.062855,0.033158,-0.072966,0.026702,0.289332,-0.956855,-0.568118,0.791981,0.223624,0.822513,0.537636,0.185522,-0.007957,-0.001554,-0.002188,-0.001043,0.030688,-0.05357,0.519245
330,0.126524,-0.014809,0.290355,0.134894,-0.371675,-0.918535,0.451388,-0.802172,0.390822,-0.882249,-0.466881,0.060707,-0.015186,-0.008466,0.010789,-0.03568,0.015178,-0.022017,0.523502,-0.181825,-0.003458,0.286634,-0.270626,-0.93595,0.225277,0.602701,0.017618,0.797731,-0.75025,0.352835,0.559013,-0.000178,-0.003956,-0.004614,0.0,-0.0,-0.0,-1.400433,0.038182,0.042247,-0.027279,0.093909,0.963857,0.249317,-0.589499,-0.147971,0.794099,0.802291,-0.221545,0.554297,0.007212,-0.002314,-0.003323,0.000355,0.001992,0.006165,-0.916185,0.062359,0.033138,-0.072928,0.026428,0.291297,-0.956267,-0.567908,0.791614,0.225446,0.822667,0.537114,0.186351,-0.014886,0.002004,0.001867,-0.001762,0.029364,-0.05919,0.519082
331,0.126091,-0.014786,0.29048,0.134885,-0.372539,-0.918186,0.451091,-0.801963,0.391592,-0.882403,-0.46655,0.061022,-0.014567,0.003528,0.003714,-0.000984,0.014715,-0.029553,0.523798,-0.181819,-0.003541,0.286521,-0.270596,-0.935817,0.225864,0.602826,0.018078,0.797627,-0.750161,0.353165,0.558925,-0.00023,-0.005124,-0.005982,-0.001744,0.016715,-0.023409,-1.400467,0.038185,0.042206,-0.027336,0.093914,0.963711,0.249879,-0.589537,-0.148422,0.793987,0.802262,-0.22188,0.554204,-0.000106,-0.002422,-0.00283,-0.001633,0.017101,-0.023149,-0.917001,0.062143,0.033149,-0.072858,0.026318,0.292179,-0.956,-0.567738,0.7915,0.226274,0.822787,0.536803,0.186712,-0.014947,-0.002779,0.006884,-0.036862,0.045928,-0.075537,0.519408
332,0.125385,-0.014816,0.290822,0.134816,-0.373998,-0.917603,0.450289,-0.801779,0.392889,-0.882823,-0.465697,0.06146,-0.014457,0.004031,0.004314,-0.000984,0.014715,-0.029553,0.523395,-0.181815,-0.003652,0.286343,-0.270558,-0.935653,0.226588,0.603015,0.018631,0.797471,-0.750023,0.353571,0.558853,-9.4e-05,-0.002095,-0.00245,0.0,-0.0,-0.0,-1.400275,0.038187,0.042142,-0.027434,0.093921,0.963518,0.25062,-0.589623,-0.149004,0.793814,0.802198,-0.222327,0.554118,-5.1e-05,-0.001197,-0.001401,6.5e-05,0.000261,0.00018,-0.917818,0.061785,0.033139,-0.07268,0.026176,0.293701,-0.955538,-0.567203,0.791466,0.227732,0.823161,0.536023,0.187305,-0.007217,0.002099,0.002273,-0.000877,0.014688,-0.029611,0.520061
333,0.124823,-0.014845,0.291237,0.12919,-0.374894,-0.918047,0.451492,-0.802029,0.390994,-0.883043,-0.464544,0.066793,-0.013832,0.006958,0.007885,0.011246,0.028556,0.01415,0.523058,-0.181817,-0.003717,0.286282,-0.270537,-0.935569,0.226959,0.603061,0.018938,0.797428,-0.749993,0.353777,0.558763,-5.7e-05,-0.001256,-0.00147,0.0,-0.0,-0.0,-1.399767,0.038186,0.04211,-0.027464,0.093926,0.963422,0.250988,-0.589614,-0.149307,0.793764,0.802204,-0.222542,0.554023,-3e-05,-0.000717,-0.000838,-0.011965,0.115523,-0.161434,-0.919124,0.061509,0.03312,-0.072479,0.032117,0.294994,-0.954958,-0.568119,0.79148,0.225387,0.822319,0.535292,0.193012,-0.007205,-0.002329,0.007721,-0.033975,0.017,-0.020876,0.519572
334,0.124573,-0.014827,0.291508,0.126396,-0.37508,-0.91836,0.45209,-0.802261,0.389826,-0.883137,-0.463996,0.069314,-0.014011,-0.002846,0.017621,0.015294,0.143439,0.062706,0.523296,-0.181817,-0.003743,0.286267,-0.270525,-0.935519,0.227182,0.603082,0.019127,0.797409,-0.749981,0.353901,0.5587,-3.1e-05,-0.000678,-0.000793,0.0,-0.0,-0.0,-1.400472,0.038186,0.042097,-0.027472,0.093927,0.963364,0.251211,-0.5896,-0.149494,0.79374,0.802215,-0.222667,0.553958,-1.9e-05,-0.000436,-0.000511,3.4e-05,0.000145,9.8e-05,-0.918797,0.061389,0.033128,-0.072352,0.03429,0.295347,-0.954774,-0.568355,0.791576,0.224452,0.822067,0.534955,0.195005,0.000491,-0.002118,0.008297,0.048545,0.211481,0.146989,0.520225
335,0.124182,-0.014726,0.292151,0.123606,-0.375138,-0.918716,0.452306,-0.802743,0.38858,-0.883418,-0.463113,0.071599,0.001576,-0.001524,0.019845,-0.032689,0.005632,0.010916,0.52338,-0.181755,-0.003793,0.286172,-0.270499,-0.935331,0.227985,0.603262,0.019743,0.797257,-0.749845,0.354365,0.558589,-0.000102,-0.002274,-0.002663,0.0,-0.0,-0.0,-1.399977,0.038217,0.042076,-0.027515,0.093941,0.963154,0.252009,-0.589665,-0.150125,0.793572,0.802165,-0.22315,0.553835,-5.9e-05,-0.001348,-0.00158,-0.001721,0.016807,-0.023331,-0.919614,0.061182,0.033181,-0.072027,0.037545,0.295625,-0.954565,-0.56848,0.791926,0.222897,0.821839,0.534282,0.19779,-0.006618,0.000405,0.011029,-0.041485,-0.01778,-0.009272,0.519735
336,0.123884,-0.014569,0.293008,0.120632,-0.377551,-0.918122,0.452434,-0.802315,0.389316,-0.88376,-0.461892,0.075178,-0.012603,0.003621,0.025372,-0.034539,0.001314,0.003324,0.52295,-0.181563,-0.003893,0.286021,-0.270527,-0.935188,0.22854,0.603373,0.020146,0.797164,-0.749746,0.354722,0.558495,0.014505,-0.003357,-0.005195,-0.011755,0.116888,-0.1557,-1.400169,0.038308,0.042027,-0.027588,0.093997,0.963041,0.252419,-0.589695,-0.150422,0.793493,0.802136,-0.223437,0.553761,-6.8e-05,-0.001584,-0.001859,2.2e-05,6.4e-05,4.5e-05,-0.919124,0.061039,0.033257,-0.071602,0.040099,0.298323,-0.953622,-0.568705,0.791536,0.223705,0.821563,0.533359,0.201397,0.001434,0.006759,0.008207,-0.003844,-0.04637,0.042325,0.520061
337,0.123654,-0.014324,0.293986,0.11171,-0.386522,-0.915514,0.454904,-0.799185,0.392858,-0.883653,-0.459884,0.087697,-0.012147,0.005654,0.02771,0.16324,0.389282,0.469298,0.523191,-0.181261,-0.004014,0.285837,-0.270614,-0.935135,0.228651,0.603398,0.020173,0.797144,-0.749694,0.354858,0.558478,-0.000151,-0.003477,-0.004084,0.0,-0.0,-0.0,-1.400136,0.038464,0.041965,-0.027683,0.094096,0.962965,0.25267,-0.58972,-0.150566,0.793448,0.802107,-0.223665,0.553712,0.007251,-0.001878,-0.002844,-0.011766,0.116931,-0.155675,-0.919124,0.060924,0.033381,-0.071111,0.045166,0.308311,-0.950212,-0.570995,0.788458,0.228687,0.81971,0.532238,0.211655,-0.006047,0.003027,0.0141,-0.028702,0.022711,-0.064004,0.519898
338,0.123563,-0.014236,0.294538,0.108725,-0.390025,-0.914388,0.455593,-0.797988,0.39449,-0.883667,-0.459002,0.092072,0.002699,0.003722,0.025961,0.029869,0.032059,0.300202,0.523784,-0.181055,-0.004088,0.285731,-0.270686,-0.935153,0.228491,0.60336,0.020009,0.797177,-0.749699,0.35482,0.558496,0.014487,-0.004114,-0.006107,0.000293,0.001513,0.005839,-1.400032,0.038567,0.041928,-0.027735,0.094165,0.963,0.252511,-0.589712,-0.150399,0.793485,0.802104,-0.223627,0.553731,0.007245,-0.002084,-0.003093,0.000301,0.001549,0.005866,-0.918961,0.060874,0.033428,-0.070831,0.050079,0.312153,-0.94871,-0.572521,0.78731,0.228826,0.818358,0.531698,0.218142,-0.006377,-0.002968,0.017613,0.008213,0.208962,0.124416,0.519898
339,0.123458,-0.014307,0.295636,0.097399,-0.393816,-0.914039,0.458739,-0.797254,0.392323,-0.883346,-0.457035,0.104148,0.001619,-0.010156,0.030702,0.101928,0.349637,0.445582,0.522997,-0.180622,-0.004213,0.285514,-0.270826,-0.935144,0.228363,0.603356,0.019813,0.797184,-0.749651,0.354855,0.558538,-0.000141,-0.003402,-0.004007,0.0,-0.0,-0.0,-1.400049,0.038783,0.041863,-0.027846,0.094306,0.96302,0.252383,-0.589745,-0.150204,0.793498,0.802063,-0.223673,0.553771,0.007265,-0.001776,-0.002739,0.000311,0.001541,0.005847,-0.919287,0.060822,0.033403,-0.070278,0.059117,0.316736,-0.946669,-0.574752,0.786171,0.227144,0.816188,0.530672,0.228521,0.00088,-0.004679,0.015829,0.112905,0.241628,0.656671,0.520225
340,0.123303,-0.014592,0.296698,0.08593,-0.398884,-0.912991,0.461561,-0.796163,0.391225,-0.883051,-0.454531,0.116835,-0.013743,-0.010745,0.029313,0.318966,1.434144,-1.92619,0.523733,-0.18016,-0.004252,0.285252,-0.270979,-0.935152,0.228148,0.603513,0.019459,0.797074,-0.749469,0.354853,0.558783,0.013824,0.008829,-0.012006,0.038467,-0.027782,0.046174,-1.399958,0.039009,0.041839,-0.027974,0.094451,0.963051,0.252209,-0.589945,-0.149922,0.793402,0.801899,-0.223727,0.553987,-7.2e-05,-0.001896,-0.002245,-0.001745,0.016741,-0.023388,-0.921573,0.060751,0.033261,-0.069745,0.071972,0.320097,-0.944646,-0.577236,0.785743,0.222273,0.813398,0.529287,0.241323,0.000574,-0.006077,0.014133,0.023783,0.130759,0.34533,0.521041
341,0.123188,-0.014819,0.297223,0.080316,-0.398265,-0.913772,0.462556,-0.797148,0.388033,-0.883052,-0.453349,0.121337,0.000846,-0.013735,0.026371,-0.020709,0.034922,0.239377,0.524046,-0.179968,-0.004248,0.285129,-0.27291,-0.934667,0.227834,0.601598,0.01887,0.798535,-0.750305,0.356165,0.556824,0.014585,-0.002346,-0.004065,-0.026218,0.003625,0.044873,-1.399964,0.039105,0.041845,-0.02804,0.096485,0.962942,0.251857,-0.587938,-0.149036,0.795057,0.80313,-0.224788,0.55177,-6e-05,-0.001631,-0.001932,-0.003461,0.017332,0.01267,-0.92239,0.060688,0.03315,-0.069481,0.07783,0.322544,-0.943349,-0.578163,0.78546,0.220859,0.8122,0.52822,0.247615,-0.007033,-0.006032,0.013865,-0.029769,0.024662,0.20415,0.521368
342,0.122904,-0.015355,0.29816,0.066068,-0.397563,-0.915218,0.464949,-0.799284,0.380709,-0.882958,-0.450196,0.133182,0.000318,-0.016172,0.023471,0.009999,0.237577,0.133054,0.524283,-0.179618,-0.004202,0.284881,-0.273035,-0.934713,0.227494,0.601856,0.018378,0.798352,-0.750052,0.356069,0.557225,0.014597,-0.002155,-0.00385,0.002039,-0.015202,0.029248,-1.400189,0.03928,0.04187,-0.028162,0.096591,0.96302,0.251517,-0.588532,-0.148529,0.794712,0.802682,-0.224788,0.552422,0.006938,0.004988,-0.005341,0.03956,-0.028224,0.045767,-0.922063,0.060546,0.032882,-0.069013,0.091743,0.322617,-0.942072,-0.579109,0.786909,0.213085,0.810071,0.526013,0.259024,-0.007352,-0.007503,0.012117,0.025449,0.18173,0.295309,0.521531
343,0.122614,-0.015813,0.29893,0.057332,-0.397698,-0.915748,0.465564,-0.800755,0.376847,-0.883233,-0.447457,0.140388,0.000695,-0.005597,0.014662,-0.018757,0.044708,0.035833,0.524182,-0.179374,-0.0042,0.284685,-0.274974,-0.934196,0.227286,0.600032,0.017834,0.799736,-0.750802,0.357457,0.555324,-8.9e-05,-0.00235,-0.002782,-0.033261,0.022124,0.0184,-1.400508,0.039407,0.04187,-0.028261,0.098613,0.962877,0.251282,-0.586596,-0.147732,0.796291,0.803853,-0.225926,0.550252,0.0073,-0.001198,-0.002076,-0.00853,0.006215,0.045322,-0.92288,0.060406,0.032652,-0.068636,0.100739,0.323366,-0.940896,-0.579109,0.788049,0.208832,0.809001,0.523844,0.266651,0.000236,-0.003252,0.006801,-0.031752,0.01338,0.016019,0.521694
344,0.122418,-0.01604,0.299452,0.05434,-0.397995,-0.915801,0.465229,-0.801424,0.375835,-0.883594,-0.445993,0.142753,0.000412,-0.006903,0.013116,-0.034539,0.001147,0.007927,0.524174,-0.179227,-0.00425,0.284516,-0.275014,-0.934155,0.227403,0.600165,0.017846,0.799636,-0.750681,0.357562,0.55542,-0.000851,0.00903,-0.01049,0.036423,-0.012525,0.016953,-1.399893,0.039481,0.041844,-0.028346,0.098659,0.962836,0.251418,-0.586971,-0.147712,0.796018,0.803573,-0.22611,0.550584,-0.000424,0.004487,-0.005282,0.037469,-0.013123,0.016427,-0.924512,0.060303,0.032534,-0.068366,0.103174,0.323913,-0.940443,-0.578474,0.788687,0.208181,0.809149,0.522543,0.268747,0.000128,-0.003768,0.006189,-0.037906,0.008693,-0.021441,0.522184
345,0.122387,-0.016044,0.299621,0.054314,-0.397959,-0.915819,0.464978,-0.801572,0.375833,-0.883728,-0.445761,0.142649,0.00087,0.004018,0.00472,1e-06,4e-06,3e-06,0.524128,-0.179208,-0.004283,0.284443,-0.275007,-0.934095,0.227658,0.60025,0.018029,0.799568,-0.750616,0.35771,0.555413,-0.000105,-0.002806,-0.003328,-0.0,0.0,0.0,-1.400182,0.039491,0.041829,-0.02838,0.098652,0.96277,0.251672,-0.587028,-0.147911,0.795939,0.803532,-0.22626,0.550581,-5.8e-05,-0.001643,-0.001952,-0.001712,0.016381,-0.023631,-0.925982,0.060287,0.032529,-0.068276,0.10313,0.323873,-0.940462,-0.578202,0.788865,0.208261,0.809348,0.522299,0.26862,0.000424,0.002001,0.002352,-0.000185,-0.001073,-0.000702,0.522348
346,0.122485,-0.015841,0.299829,0.053832,-0.397629,-0.91599,0.470601,-0.798947,0.37442,-0.880775,-0.450734,0.145259,0.016009,0.003595,0.004831,0.026012,0.037551,0.097099,0.524224,-0.179247,-0.004388,0.284274,-0.27494,-0.933849,0.228747,0.60051,0.01888,0.799354,-0.750433,0.358309,0.555273,-0.000138,-0.003691,-0.004384,-0.001768,0.016754,-0.023379,-1.399851,0.039471,0.04178,-0.028462,0.098618,0.962497,0.252733,-0.587125,-0.14878,0.795706,0.803466,-0.226857,0.550433,-6.4e-05,-0.001757,-0.002086,-0.014011,0.132137,-0.184901,-0.927615,0.060329,0.032621,-0.068176,0.103782,0.323659,-0.940464,-0.583306,0.785688,0.206025,0.805594,0.527197,0.270332,0.000472,0.002207,0.002588,0.028541,0.195295,-0.111329,0.522348
347,0.122597,-0.01552,0.299922,0.053753,-0.39999,-0.914967,0.471101,-0.797739,0.376361,-0.880512,-0.450783,0.146697,0.016474,0.01462,-0.00345,0.036453,-0.046815,0.070241,0.524096,-0.17934,-0.004541,0.284116,-0.274875,-0.933689,0.229478,0.600627,0.019491,0.79925,-0.750363,0.358695,0.555119,-0.000132,-0.003469,-0.004127,-0.0,0.0,0.0,-1.400023,0.039424,0.0417,-0.028544,0.098575,0.962304,0.253481,-0.587127,-0.149422,0.795584,0.80347,-0.22725,0.550266,-7.6e-05,-0.002038,-0.002423,-0.001817,0.016603,-0.023491,-0.928105,0.060385,0.032783,-0.068127,0.103382,0.326092,-0.939667,-0.584064,0.784599,0.20802,0.805096,0.527321,0.271572,0.000471,0.00219,0.002562,8.3e-05,-0.019193,0.025731,0.522674
348,0.122653,-0.015373,0.299983,0.053803,-0.399633,-0.915119,0.471285,-0.797781,0.376042,-0.880411,-0.451024,0.146561,0.000993,0.004608,0.005384,0.00041,-0.015633,0.024208,0.524027,-0.179364,-0.00463,0.284029,-0.274842,-0.933575,0.22998,0.6007,0.019907,0.799186,-0.750317,0.358969,0.555004,-0.000157,-0.00413,-0.004918,-0.001767,0.016753,-0.02338,-1.399769,0.039412,0.041657,-0.028587,0.09856,0.962179,0.253959,-0.58712,-0.149827,0.795512,0.803476,-0.22751,0.550148,-6.7e-05,-0.001794,-0.002137,-3.8e-05,-0.000127,-9e-05,-0.928268,0.06042,0.032863,-0.068097,0.103372,0.325638,-0.939826,-0.584197,0.784611,0.207602,0.805001,0.527584,0.271343,0.000487,0.002265,0.002645,0.000394,-0.016059,0.024393,0.522511
349,0.122835,-0.015202,0.300157,0.053368,-0.406952,-0.911914,0.471583,-0.794684,0.382177,-0.880277,-0.44994,0.15064,0.015662,0.002133,0.00309,0.000985,-0.014712,0.029549,0.524099,-0.179393,-0.004806,0.283821,-0.274798,-0.933416,0.230679,0.600828,0.020471,0.799075,-0.75023,0.359353,0.554873,-0.000186,-0.004854,-0.005792,-0.001767,0.016753,-0.02338,-1.400099,0.039398,0.04157,-0.028689,0.098541,0.961998,0.254653,-0.587142,-0.150406,0.795388,0.803463,-0.227896,0.550008,-8.4e-05,-0.002253,-0.002688,-4.2e-05,-8.6e-05,-5.7e-05,-0.928758,0.060505,0.032947,-0.068011,0.102705,0.333301,-0.937209,-0.585516,0.781928,0.213913,0.804127,0.526781,0.275461,0.000416,0.001953,0.002275,0.000818,-0.004972,0.006905,0.522511
350,0.123094,-0.015057,0.300335,0.052446,-0.421239,-0.905457,0.471875,-0.788633,0.394164,-0.880176,-0.447418,0.158542,0.015723,0.002475,0.003475,0.006735,0.023884,-0.034043,0.524204,-0.179399,-0.004969,0.283625,-0.274766,-0.933275,0.231287,0.600939,0.02096,0.798979,-0.750153,0.359692,0.554757,-0.000144,-0.003759,-0.004494,-0.0,0.0,0.0,-1.400018,0.039395,0.041485,-0.028791,0.098532,0.961833,0.255279,-0.587161,-0.150923,0.795275,0.80345,-0.22825,0.54988,-8.1e-05,-0.002185,-0.002612,-0.001799,0.016698,-0.023422,-0.929248,0.060634,0.033021,-0.067921,0.10146,0.348016,-0.931981,-0.587786,0.776786,0.226074,0.802628,0.524868,0.283371,0.000511,0.002411,0.002801,0.018354,0.120306,-0.1987,0.522674
351,0.123453,-0.014869,0.300565,0.048782,-0.432437,-0.900369,0.472732,-0.78408,0.402139,-0.879921,-0.44472,0.167302,0.01619,0.004748,0.006095,-0.000763,0.079453,-0.112084,0.524146,-0.179393,-0.00513,0.283448,-0.274732,-0.93311,0.23199,0.601047,0.021531,0.798882,-0.750079,0.360086,0.554602,-0.000133,-0.003455,-0.004137,-0.0,0.0,0.0,-1.399918,0.039398,0.041406,-0.028878,0.098527,0.961653,0.255956,-0.58716,-0.151486,0.795169,0.803451,-0.228633,0.549719,-6.3e-05,-0.001732,-0.002075,-1e-06,-3.5e-05,-3.9e-05,-0.929574,0.060812,0.033108,-0.067814,0.103531,0.359583,-0.927351,-0.589946,0.772848,0.233812,0.800777,0.522881,0.292148,0.008049,0.002174,0.002808,-0.006731,0.060714,-0.115134,0.523001
352,0.123591,-0.014748,0.300694,0.048386,-0.437513,-0.897934,0.472685,-0.781911,0.406394,-0.879968,-0.443567,0.170094,0.001517,0.007148,0.008287,-0.002435,0.092314,-0.14284,0.524252,-0.179384,-0.005198,0.283366,-0.274716,-0.933022,0.232363,0.601114,0.021829,0.798824,-0.750031,0.360296,0.55453,-0.000118,-0.003078,-0.003689,-0.0,0.0,0.0,-1.400002,0.039402,0.041369,-0.028923,0.098526,0.96155,0.256347,-0.587173,-0.151807,0.795099,0.803442,-0.228858,0.549638,-5.6e-05,-0.001524,-0.001827,-2.6e-05,-2.5e-05,-2.6e-05,-0.929738,0.060888,0.033173,-0.067745,0.102973,0.36504,-0.925279,-0.590587,0.770946,0.238428,0.800376,0.521906,0.294974,0.000772,0.003661,0.004238,-0.002976,0.086636,-0.139263,0.523001
353,0.123884,-0.014488,0.301003,0.047941,-0.441829,-0.895843,0.472438,-0.780174,0.410004,-0.880125,-0.442343,0.172453,0.016422,0.005991,0.00749,-0.001474,0.077559,-0.113293,0.524188,-0.179367,-0.005306,0.283218,-0.274549,-0.932255,0.235613,0.601725,0.024424,0.798288,-0.749603,0.362112,0.553926,0.014649,-0.002305,-0.004086,0.000278,0.001548,0.005865,-1.399944,0.039405,0.041316,-0.028995,0.098496,0.960683,0.259585,-0.587295,-0.154466,0.794496,0.803357,-0.230707,0.54899,-3.1e-05,-0.000875,-0.001051,3e-06,-0.00033,0.000434,-0.929738,0.061029,0.033301,-0.067591,0.102714,0.369372,-0.923587,-0.590931,0.769552,0.24205,0.800155,0.520915,0.297317,0.000808,0.00385,0.004443,0.000248,-0.01571,0.024295,0.523327
354,0.124133,-0.014182,0.301395,0.044961,-0.443014,-0.895412,0.473182,-0.779943,0.409585,-0.879878,-0.441564,0.175678,0.001984,0.009442,0.010868,0.016016,0.141115,-0.111641,0.524169,-0.179359,-0.005379,0.283129,-0.274539,-0.932196,0.235862,0.60177,0.024622,0.798248,-0.74957,0.362253,0.553877,-5.7e-05,-0.001485,-0.001783,-0.0,0.0,0.0,-1.400136,0.039415,0.041279,-0.029041,0.0985,0.960618,0.259824,-0.587302,-0.15466,0.794453,0.803351,-0.230849,0.548939,-3.2e-05,-0.000854,-0.001026,-8e-06,-1.6e-05,-3e-06,-0.928921,0.061158,0.033452,-0.067398,0.105753,0.370799,-0.922671,-0.59164,0.769236,0.241325,0.799235,0.520369,0.300728,0.00103,0.004926,0.005667,0.012373,0.0049,0.071865,0.523491
355,0.124226,-0.014002,0.301588,0.044979,-0.442689,-0.895571,0.473225,-0.780065,0.409301,-0.879854,-0.441674,0.175523,0.002359,0.020066,0.002125,0.035761,-0.031326,0.041169,0.523793,-0.179349,-0.005401,0.283102,-0.274523,-0.932112,0.236211,0.601833,0.0249,0.798192,-0.749525,0.36245,0.553809,-4.6e-05,-0.001206,-0.001449,-0.012196,0.115618,-0.161354,-1.400336,0.03942,0.041268,-0.029054,0.098501,0.960563,0.260028,-0.587308,-0.154825,0.794416,0.803346,-0.230967,0.548896,-2.6e-05,-0.000698,-0.000838,-1.7e-05,-9e-06,-5e-06,-0.928431,0.061205,0.033541,-0.067296,0.105609,0.370608,-0.922765,-0.591562,0.769311,0.241273,0.799312,0.520392,0.300484,0.000937,0.004495,0.005161,-0.003661,-0.024193,0.018847,0.523491
356,0.124373,-0.013681,0.301974,0.042056,-0.444453,-0.894839,0.474172,-0.779455,0.409369,-0.879485,-0.440979,0.179084,0.01656,0.006919,0.008459,0.002117,-0.028455,0.05497,0.523944,-0.17936,-0.005433,0.283081,-0.276373,-0.931502,0.23646,0.599875,0.024889,0.799665,-0.750412,0.36402,0.551575,-6e-06,-0.000164,-0.000197,-0.44537,0.300424,0.249475,-1.399999,0.039414,0.041251,-0.029066,0.098783,0.960391,0.260556,-0.587017,-0.155187,0.79456,0.803524,-0.23144,0.548437,-1e-06,-2.8e-05,-3.5e-05,-0.445393,0.300364,0.249594,-0.929085,0.061274,0.033707,-0.067104,0.108266,0.372653,-0.921632,-0.592497,0.76862,0.241183,0.798263,0.519953,0.304011,0.000904,0.004347,0.004973,-0.00537,-0.027922,0.016948,0.523491
357,0.124545,-0.01338,0.302275,0.038753,-0.452336,-0.89103,0.475303,-0.776014,0.41456,-0.879022,-0.43902,0.186036,0.001247,0.005981,0.006823,0.00084,0.002231,0.00142,0.523823,-0.17936,-0.005427,0.283087,-0.276367,-0.931472,0.236584,0.599898,0.024989,0.799645,-0.750396,0.364089,0.551551,1.5e-05,0.000392,0.000471,-9.5e-05,6.4e-05,5.3e-05,-1.400589,0.039415,0.041255,-0.029062,0.100478,0.960221,0.260533,-0.585368,-0.154688,0.795874,0.804517,-0.232476,0.54654,1e-05,0.000278,0.000334,0.004082,-0.001028,-0.001072,-0.929248,0.061366,0.033861,-0.066949,0.110279,0.381042,-0.917956,-0.594415,0.765496,0.246346,0.79656,0.51848,0.310915,0.008098,0.002658,0.003295,-0.004145,-0.047213,0.051471,0.523654
358,0.124715,-0.013208,0.30246,0.037975,-0.464343,-0.884866,0.475546,-0.770403,0.424625,-0.878923,-0.436349,0.192665,0.015382,0.001414,0.002135,-0.001912,0.093236,-0.137537,0.524067,-0.179369,-0.005383,0.283142,-0.276356,-0.931439,0.236729,0.599925,0.025107,0.799621,-0.750378,0.364167,0.551523,7.4e-05,0.001919,0.002304,0.001767,-0.016752,0.023381,-1.400012,0.03941,0.041275,-0.029037,0.10045,0.960179,0.260701,-0.585404,-0.154833,0.795819,0.804494,-0.232556,0.546539,2.2e-05,0.000591,0.00071,1.5e-05,-0.000239,-0.000165,-0.928431,0.061446,0.033951,-0.066853,0.108926,0.393396,-0.912893,-0.596244,0.760671,0.256655,0.795379,0.51635,0.317417,0.000322,0.001578,0.001793,0.001201,-0.0214,0.031336,0.523817
359,0.124788,-0.013166,0.302463,0.037733,-0.467888,-0.883007,0.475643,-0.768703,0.427586,-0.878881,-0.435556,0.194645,0.000596,0.011696,-0.007494,0.032177,0.091555,-0.150517,0.524035,-0.179368,-0.005355,0.283176,-0.276346,-0.931394,0.236913,0.599959,0.025255,0.79959,-0.750355,0.36427,0.551488,7.4e-05,0.00191,0.002293,-0.0,0.0,0.0,-1.400027,0.03941,0.04129,-0.029019,0.100444,0.960135,0.260864,-0.585409,-0.15497,0.795789,0.804491,-0.232645,0.546506,4.4e-05,0.001144,0.001373,0.001702,-0.016936,0.023261,-0.928105,0.061488,0.033969,-0.066846,0.108582,0.397021,-0.911363,-0.596796,0.759223,0.25964,0.795011,0.515706,0.319378,0.00738,-0.000763,-0.00061,0.00122,-0.01678,0.032297,0.52398
360,0.124982,-0.013182,0.302249,0.037516,-0.471151,-0.88128,0.475989,-0.766998,0.430256,-0.878703,-0.435042,0.196588,-0.000849,-0.004099,-0.004671,0.0,0.0,0.0,0.524185,-0.179376,-0.005265,0.283285,-0.276329,-0.931332,0.237181,0.600009,0.025471,0.799546,-0.750321,0.364416,0.551437,0.000111,0.002887,0.003462,-0.0,0.0,0.0,-1.400306,0.039406,0.041335,-0.028964,0.100432,0.960064,0.261129,-0.585417,-0.155194,0.795739,0.804487,-0.232787,0.546451,5.7e-05,0.001539,0.001845,-2.2e-05,-0.000129,-8e-05,-0.928268,0.061586,0.033968,-0.066953,0.10824,0.400504,-0.909878,-0.597585,0.757649,0.262407,0.794464,0.515328,0.321344,0.007089,0.002218,-0.007625,0.035581,-0.015626,0.022218,0.524144
361,0.125324,-0.013221,0.301686,0.040436,-0.470306,-0.881602,0.475975,-0.766709,0.430786,-0.878584,-0.436462,0.193953,0.012967,-0.010313,-0.011268,-0.000155,-0.000935,0.004157,0.524221,-0.179404,-0.005131,0.283449,-0.276304,-0.931265,0.237472,0.600064,0.025711,0.799497,-0.750286,0.36457,0.551382,0.000136,0.00353,0.004227,-0.0,0.0,0.0,-1.400278,0.039392,0.041402,-0.028883,0.100414,0.959987,0.261419,-0.585426,-0.155441,0.795684,0.804482,-0.23294,0.546393,8e-05,0.002115,0.002535,0.001741,-0.016838,0.023326,-0.928758,0.061751,0.03395,-0.067232,0.105342,0.39941,-0.910699,-0.597619,0.7574,0.26305,0.794829,0.516541,0.318481,-0.000712,0.000939,-0.00936,0.040748,0.011087,-0.000307,0.524144
362,0.125559,-0.01326,0.301322,0.043283,-0.470096,-0.881579,0.475626,-0.766292,0.431912,-0.878641,-0.437419,0.191524,0.01319,-0.000419,-0.020847,-0.013927,-0.129048,-0.08527,0.523888,-0.179434,-0.005047,0.283552,-0.276284,-0.931222,0.237663,0.600101,0.02587,0.799465,-0.750264,0.364668,0.551347,0.000174,0.004504,0.005388,0.001766,-0.016752,0.023381,-1.400186,0.039377,0.041441,-0.028834,0.1004,0.959931,0.26163,-0.585433,-0.155622,0.795643,0.804479,-0.23305,0.546351,8.8e-05,0.002385,0.002855,0.001728,-0.016816,0.023335,-0.929248,0.061869,0.033926,-0.067412,0.102868,0.398981,-0.91117,-0.597475,0.757152,0.264087,0.79526,0.517236,0.316268,0.006659,6.7e-05,-0.010109,-0.033143,-0.190629,-0.090252,0.524144
363,0.12611,-0.013312,0.300436,0.043374,-0.469424,-0.881933,0.476918,-0.765954,0.431087,-0.877936,-0.438731,0.191755,0.012814,-0.002347,-0.023133,0.03523,0.000358,-0.002239,0.524292,-0.179483,-0.004873,0.283764,-0.276257,-0.931181,0.237856,0.600139,0.026034,0.799431,-0.750244,0.364762,0.551313,0.000178,0.00462,0.005516,0.001766,-0.016752,0.023381,-1.400213,0.039353,0.041529,-0.028727,0.100379,0.959882,0.261821,-0.58544,-0.155791,0.795606,0.804477,-0.233143,0.546315,9e-05,0.00243,0.002902,0.001747,-0.016804,0.023358,-0.929574,0.062139,0.0339,-0.067847,0.102717,0.398301,-0.911484,-0.598551,0.75662,0.263176,0.794471,0.518538,0.316122,0.006376,-0.001385,-0.011815,0.036139,0.002517,-0.000848,0.52447
364,0.126563,-0.013311,0.29951,0.045824,-0.477088,-0.877686,0.47769,-0.761173,0.438634,-0.877395,-0.438775,0.194116,-0.001451,0.010666,-0.02968,0.0858,0.123543,-0.229859,0.5242,-0.179501,-0.004741,0.283908,-0.276235,-0.931113,0.23815,0.600214,0.026264,0.799367,-0.750192,0.364921,0.551278,0.000124,0.003229,0.00385,0.001766,-0.016753,0.02338,-1.400129,0.039344,0.041599,-0.02865,0.100367,0.959803,0.262113,-0.585471,-0.15603,0.795536,0.804456,-0.233306,0.546276,4.3e-05,0.001189,0.001417,-2.9e-05,-3.3e-05,-1e-05,-0.928431,0.062375,0.033891,-0.06832,0.098844,0.405867,-0.90857,-0.600408,0.752445,0.270806,0.793561,0.518745,0.318061,0.006487,-0.000908,-0.011301,0.097525,0.479226,-0.741093,0.524634
365,0.126728,-0.013293,0.299034,0.045563,-0.48244,-0.874769,0.478569,-0.758106,0.442966,-0.876929,-0.438227,0.197433,0.012809,-0.002495,-0.023421,0.035372,0.00148,-0.003913,0.523976,-0.179488,-0.004681,0.283963,-0.276235,-0.931097,0.238212,0.600244,0.026302,0.799343,-0.750168,0.364958,0.551287,-0.00064,0.014507,-0.00398,0.038194,-0.029302,0.040319,-1.400058,0.039351,0.041625,-0.02862,0.10037,0.959782,0.26219,-0.585473,-0.156092,0.795522,0.804454,-0.233352,0.54626,3.3e-05,0.000911,0.001086,-1.2e-05,-2.4e-05,-1.9e-05,-0.926472,0.062452,0.033906,-0.06856,0.098346,0.4117,-0.905997,-0.60205,0.749518,0.275241,0.792378,0.518386,0.321576,-0.000683,0.005474,-0.014699,0.072507,-0.002118,-0.008565,0.52447
366,0.126819,-0.013277,0.29822,0.047712,-0.494991,-0.867613,0.479105,-0.750819,0.454643,-0.876525,-0.436761,0.202413,-0.001527,0.001384,-0.01949,0.031405,0.107409,-0.174606,0.523304,-0.179442,-0.004592,0.284049,-0.276231,-0.931016,0.23853,0.600321,0.026541,0.799278,-0.750108,0.365147,0.551243,5.4e-05,0.001422,0.001693,-0.0,0.0,0.0,-1.400039,0.039374,0.041676,-0.028577,0.10038,0.959704,0.262471,-0.585524,-0.156304,0.795443,0.804415,-0.23353,0.54624,2.4e-05,0.000662,0.000787,-1.9e-05,-1.5e-05,-1.1e-05,-0.925655,0.062502,0.033909,-0.068981,0.093976,0.424476,-0.900548,-0.604431,0.743093,0.287184,0.791094,0.517331,0.326399,-0.000745,0.000734,-0.009698,0.03727,0.114572,-0.163233,0.523164
367,0.126643,-0.013242,0.297702,0.049937,-0.504879,-0.861771,0.478895,-0.745082,0.464204,-0.876519,-0.435257,0.205653,-0.016009,-0.004283,-0.005539,-0.004819,0.13821,-0.220844,0.523643,-0.179408,-0.00458,0.28406,-0.276209,-0.930866,0.23914,0.600431,0.027025,0.799178,-0.750028,0.365494,0.551122,0.0,2e-06,3e-06,-0.0,0.0,0.0,-1.400212,0.03939,0.041682,-0.028571,0.100386,0.959538,0.263076,-0.585543,-0.156797,0.795332,0.804401,-0.233882,0.546111,-3e-06,-6.2e-05,-7.5e-05,-2.6e-05,-7e-06,-7e-06,-0.926309,0.062413,0.033923,-0.069244,0.090021,0.434528,-0.896147,-0.605751,0.738121,0.297055,0.790545,0.516101,0.329662,-0.007958,-0.001952,-0.002549,0.001604,0.149769,-0.212098,0.522838
368,0.126284,-0.013261,0.297494,0.052601,-0.507755,-0.859921,0.478065,-0.743219,0.468028,-0.876819,-0.435092,0.20472,-0.0156,-0.002219,-0.003139,-0.001589,0.030041,-0.05396,0.523669,-0.179408,-0.004574,0.284067,-0.276195,-0.930802,0.239408,0.60048,0.02724,0.799134,-0.749994,0.365643,0.55107,9e-06,0.000223,0.000265,0.0,0.0,0.0,-1.400539,0.03939,0.041683,-0.02857,0.100383,0.959465,0.263342,-0.585552,-0.157017,0.795282,0.804395,-0.234034,0.546055,5e-06,0.000124,0.000147,-9e-06,-4e-06,-1e-05,-0.924512,0.062234,0.033916,-0.069345,0.086925,0.437311,-0.895099,-0.605591,0.736622,0.301075,0.791013,0.515893,0.328862,-0.007768,-0.000968,-0.001402,0.002201,0.037731,-0.049038,0.522837
369,0.125983,-0.013316,0.297482,0.052626,-0.508149,-0.859687,0.477938,-0.743062,0.468409,-0.876887,-0.434902,0.204833,-0.015802,-0.012075,0.006472,-0.036066,0.031134,-0.046028,0.524073,-0.179431,-0.004557,0.284058,-0.276172,-0.93073,0.239714,0.600577,0.02747,0.799054,-0.749925,0.365809,0.551053,0.0,3e-06,4e-06,0.0,0.0,0.0,-1.400187,0.039379,0.041692,-0.028574,0.100373,0.959382,0.263646,-0.585605,-0.157259,0.795196,0.804358,-0.234209,0.546034,0.0,-1.4e-05,-1.7e-05,4e-06,-1.5e-05,6e-06,-0.925166,0.062089,0.033891,-0.069355,0.086906,0.437682,-0.894919,-0.605567,0.736509,0.301401,0.791034,0.51574,0.329053,-0.007668,-0.000456,-0.000802,-0.000751,0.015971,-0.028706,0.522674
370,0.125203,-0.01347,0.297561,0.052723,-0.508578,-0.859426,0.477471,-0.743033,0.46893,-0.877136,-0.434449,0.204731,-0.030435,-0.0094,0.009029,-0.037037,0.045899,-0.075557,0.523305,-0.179433,-0.004536,0.284034,-0.27615,-0.930631,0.240122,0.600712,0.027769,0.798942,-0.749825,0.366038,0.551036,-0.000764,0.011298,-0.007803,0.036428,-0.012548,0.016939,-1.40021,0.039378,0.041698,-0.028583,0.100369,0.959267,0.264068,-0.585661,-0.157594,0.795088,0.804317,-0.234456,0.545988,-1.2e-05,-0.000289,-0.000343,5e-06,-4e-06,-1e-06,-0.925166,0.061711,0.033814,-0.069316,0.086762,0.438076,-0.89474,-0.605201,0.736582,0.301954,0.791329,0.5153,0.329032,-0.00757,5.1e-05,-0.000211,0.00149,-0.094376,0.136787,0.522674
371,0.124514,-0.013551,0.297694,0.052916,-0.506854,-0.860433,0.476946,-0.74418,0.467644,-0.87741,-0.434502,0.203438,-0.014738,0.002067,0.001846,-0.000984,0.014715,-0.029553,0.523155,-0.179424,-0.004535,0.284003,-0.276137,-0.930558,0.24042,0.600805,0.027987,0.798864,-0.749755,0.366207,0.55102,-2e-06,-6e-05,-7.2e-05,0.0,0.0,0.0,-1.400172,0.039382,0.041702,-0.028603,0.100369,0.95919,0.264348,-0.585734,-0.157805,0.794992,0.804264,-0.23463,0.545991,-0.0,-1.4e-05,-1.6e-05,-9e-06,5e-06,-7e-06,-0.925002,0.061355,0.033769,-0.069247,0.086876,0.436321,-0.895586,-0.604479,0.737668,0.300748,0.791869,0.515236,0.327832,-0.015023,-0.003708,0.005676,-0.037314,0.046687,-0.076439,0.522347
372,0.124213,-0.013548,0.297751,0.053209,-0.502505,-0.862962,0.476633,-0.746608,0.464079,-0.877563,-0.435391,0.200862,-0.014802,0.001766,0.001487,-0.007148,-0.024054,0.033901,0.523198,-0.179413,-0.004535,0.284002,-0.276134,-0.930528,0.24054,0.600827,0.028082,0.798844,-0.749739,0.366277,0.550995,-0.0,-1e-06,-1e-06,0.0,0.0,0.0,-1.400141,0.039388,0.041702,-0.028603,0.100372,0.959157,0.264468,-0.585738,-0.157902,0.79497,0.804261,-0.234701,0.545965,-1e-06,1.2e-05,1.2e-05,-2.5e-05,5e-06,1e-06,-0.925166,0.061205,0.033773,-0.069216,0.087352,0.431778,-0.897739,-0.603626,0.739842,0.297101,0.792467,0.515947,0.325259,2.9e-05,0.000145,0.000181,-0.019461,-0.139332,0.225638,0.522184
373,0.123791,-0.013548,0.297861,0.05336,-0.500808,-0.863939,0.476297,-0.747646,0.462751,-0.877736,-0.435568,0.199719,-0.014554,0.002934,0.002849,-0.000984,0.014715,-0.029553,0.523129,-0.17938,-0.004525,0.283995,-0.276125,-0.930441,0.240887,0.600909,0.028345,0.798773,-0.749676,0.366479,0.550946,-0.0,-0.0,-0.0,0.0,0.0,0.0,-1.399874,0.039404,0.041707,-0.028607,0.10038,0.959061,0.264812,-0.585769,-0.158173,0.794893,0.804237,-0.23491,0.545911,2e-06,4e-06,6e-06,9e-06,-8e-06,-8e-06,-0.925002,0.060994,0.033772,-0.069162,0.08751,0.430016,-0.898569,-0.603084,0.74081,0.295786,0.792862,0.516029,0.324164,0.000166,0.000799,0.000946,0.000247,-0.015207,0.023289,0.522184
374,0.123665,-0.013439,0.297968,0.050596,-0.500803,-0.864108,0.477212,-0.747928,0.46135,-0.877398,-0.435089,0.202227,0.000479,0.002253,0.00264,0.043602,0.10905,0.070775,0.523474,-0.179358,-0.004519,0.284,-0.281625,-0.928733,0.241107,0.601107,0.024959,0.798737,-0.747462,0.371039,0.550902,3e-06,8.4e-05,0.0001,0.003238,0.010727,0.007398,-1.400245,0.039415,0.04171,-0.028604,0.106115,0.958387,0.265015,-0.586584,-0.154871,0.794942,0.802906,-0.239809,0.545741,4e-06,4.1e-05,5.6e-05,0.003977,0.010731,0.006926,-0.923859,0.060925,0.033828,-0.069107,0.090193,0.430248,-0.898193,-0.603767,0.740863,0.294257,0.792042,0.515759,0.32659,0.000303,0.001427,0.001674,0.057099,0.140381,0.090987,0.522837
375,0.123646,-0.013387,0.298075,0.050619,-0.500539,-0.864259,0.477159,-0.748089,0.461144,-0.877426,-0.435116,0.202049,0.000317,0.001489,0.001744,9e-06,2.3e-05,1.5e-05,0.522971,-0.179347,-0.004507,0.284013,-0.281608,-0.928643,0.241475,0.601175,0.025252,0.798676,-0.747413,0.371246,0.550829,6e-06,0.000163,0.000194,0.0,0.0,0.0,-1.399967,0.039421,0.041716,-0.028597,0.106111,0.958285,0.265384,-0.586604,-0.155173,0.794869,0.802892,-0.24002,0.545668,4e-06,9.5e-05,0.000115,-1.7e-05,-0.00011,-8.8e-05,-0.923206,0.060916,0.033856,-0.069051,0.090292,0.429967,-0.898318,-0.603638,0.74106,0.294025,0.792129,0.515711,0.326456,0.000171,0.000809,0.000949,-0.000576,-0.017686,0.022888,0.522837
376,0.123669,-0.013412,0.298109,0.050613,-0.500388,-0.864347,0.477079,-0.748211,0.461029,-0.87747,-0.43508,0.201935,0.000108,0.00051,0.000597,0.0,0.0,0.0,0.522805,-0.179336,-0.004513,0.284006,-0.281603,-0.928607,0.241617,0.601202,0.025363,0.798653,-0.747394,0.371327,0.5508,-7e-06,-0.000187,-0.000223,0.0,0.0,0.0,-1.399999,0.039427,0.041714,-0.0286,0.106111,0.958246,0.265524,-0.586608,-0.155288,0.794843,0.802889,-0.240101,0.545638,-5e-06,-0.000129,-0.000152,-1.7e-05,-9.4e-05,-6.3e-05,-0.923206,0.060928,0.033845,-0.069032,0.090306,0.429811,-0.898391,-0.603539,0.741178,0.293929,0.792202,0.515671,0.32634,-0.000219,-0.005436,0.004216,-0.035124,0.016272,-0.01657,0.522511
377,0.123724,-0.013495,0.298189,0.050713,-0.500105,-0.864505,0.482147,-0.745801,0.459659,-0.87469,-0.439514,0.204382,0.000104,0.00049,0.000574,0.023051,0.056782,0.036847,0.522175,-0.179303,-0.004534,0.283977,-0.281589,-0.928496,0.242062,0.601284,0.025715,0.79858,-0.747333,0.371583,0.55071,-1.6e-05,-0.00042,-0.000501,0.0,0.0,0.0,-1.399416,0.039443,0.041703,-0.028615,0.106114,0.958123,0.265967,-0.586624,-0.155649,0.79476,0.802876,-0.240358,0.545542,-9e-06,-0.000259,-0.000309,-2.6e-05,-5.5e-05,-4.9e-05,-0.923369,0.060955,0.033802,-0.068994,0.09046,0.429509,-0.898519,-0.608192,0.73826,0.291672,0.788617,0.520088,0.328007,5.8e-05,0.000283,0.000334,0.018229,0.051846,0.031516,0.522184
378,0.12372,-0.013543,0.298339,0.059355,-0.504369,-0.861472,0.495112,-0.734487,0.464074,-0.866879,-0.45345,0.207199,0.000487,0.002293,0.002683,3.3e-05,-3e-06,1e-06,0.494046,-0.17926,-0.004556,0.283947,-0.281572,-0.928353,0.242629,0.601389,0.026161,0.798487,-0.747256,0.371908,0.550596,-1.5e-05,-0.000398,-0.000474,-0.0122,0.115661,-0.161323,-1.397027,0.039464,0.041692,-0.02863,0.10612,0.957966,0.26653,-0.586644,-0.156106,0.794656,0.802861,-0.240687,0.54542,-8e-06,-0.000196,-0.000233,-0.012196,0.115607,-0.161374,-0.922716,0.060953,0.033776,-0.068921,0.080906,0.433329,-0.897596,-0.620985,0.726323,0.294671,0.779635,0.533553,0.327855,0.000261,0.001232,0.001449,-0.000458,-0.000567,0.000863,0.505855
379,0.12373,-0.01354,0.298453,0.062248,-0.506453,-0.860044,0.499343,-0.730306,0.466134,-0.864248,-0.45785,0.208509,0.000189,-0.007937,0.011863,0.003843,-0.020107,-0.001643,0.466819,-0.179228,-0.004572,0.283925,-0.281574,-0.928317,0.242764,0.601413,0.026265,0.798465,-0.747235,0.371992,0.550567,-3.9e-05,-0.00105,-0.00125,0.0,0.0,0.0,-1.394593,0.039481,0.041685,-0.028639,0.106129,0.957928,0.266665,-0.586649,-0.156212,0.794632,0.802857,-0.240772,0.545388,-2.5e-05,-0.000673,-0.000802,5e-06,-3.4e-05,-3.4e-05,-0.922716,0.060957,0.033779,-0.06887,0.077661,0.435289,-0.896934,-0.625265,0.721995,0.296252,0.776538,0.537815,0.328242,0.000302,0.001433,0.001682,0.129666,-0.071588,-0.028338,0.482015
380,0.123829,-0.013474,0.298723,0.068289,-0.512889,-0.855761,0.512933,-0.717663,0.470991,-0.855798,-0.47048,0.215139,0.000491,-0.006513,0.013518,-0.024565,0.026047,0.024035,0.352839,-0.179185,-0.004621,0.283862,-0.281559,-0.928184,0.243291,0.60151,0.026679,0.798378,-0.747163,0.372295,0.55046,-6.5e-05,-0.001735,-0.002068,0.0,0.0,0.0,-1.388784,0.039502,0.041661,-0.02867,0.106136,0.957781,0.267187,-0.586667,-0.156636,0.794535,0.802842,-0.241079,0.545274,-3.8e-05,-0.001022,-0.001217,-0.001799,0.016737,-0.023384,-0.920104,0.061007,0.033811,-0.068737,0.07077,0.441617,-0.894407,-0.638908,0.708651,0.299346,0.76602,0.55026,0.332304,0.000557,0.00265,0.003099,-0.002827,0.100428,-0.130284,0.379632
381,0.124013,-0.013294,0.298923,0.065669,-0.517463,-0.853209,0.519039,-0.71256,0.472048,-0.852311,-0.47321,0.222857,0.015723,0.002703,0.003723,0.047277,0.101343,0.104656,0.145288,-0.179167,-0.004733,0.283726,-0.281521,-0.927984,0.244095,0.60166,0.027319,0.798243,-0.747056,0.372747,0.550299,-0.00015,-0.003994,-0.004767,-0.001769,0.016759,-0.023376,-1.383824,0.039511,0.041608,-0.028734,0.106135,0.957564,0.267965,-0.586697,-0.157273,0.794387,0.802821,-0.241527,0.545107,-6.5e-05,-0.001794,-0.002143,-2.6e-05,-1.1e-05,-1e-05,-0.920757,0.061094,0.033902,-0.068628,0.072461,0.446555,-0.891816,-0.644761,0.703175,0.29971,0.760941,0.553291,0.338875,0.000533,0.00254,0.002958,0.047634,0.108694,0.109091,0.156087
382,0.124229,-0.013169,0.299027,0.048717,-0.529181,-0.847136,0.524374,-0.708307,0.472552,-0.850159,-0.466585,0.244041,0.000471,0.002238,0.002602,0.249658,0.622249,0.402685,-0.064714,-0.179163,-0.004914,0.28351,-0.281473,-0.927753,0.245029,0.601836,0.028066,0.798085,-0.746933,0.373269,0.550113,-0.000181,-0.004805,-0.005747,-0.001769,0.016759,-0.023376,-1.379957,0.039513,0.041518,-0.028842,0.106129,0.957304,0.268893,-0.586731,-0.158036,0.79421,0.802796,-0.242057,0.544908,-9.4e-05,-0.002601,-0.00311,-0.001787,0.016755,-0.023387,-0.920267,0.061208,0.033966,-0.068574,0.084756,0.459688,-0.884026,-0.649328,0.698437,0.300928,0.75577,0.548518,0.357685,0.007833,0.005673,-0.003656,0.093929,0.242808,-0.001526,-0.144041
383,0.124295,-0.013084,0.299033,0.043404,-0.538689,-0.841413,0.531183,-0.700858,0.476041,-0.846202,-0.466943,0.256774,0.000322,0.001532,0.00178,0.173193,0.553091,0.094496,-0.146646,-0.179178,-0.004996,0.283397,-0.28145,-0.927668,0.245372,0.601921,0.028333,0.798011,-0.746873,0.373457,0.550066,-0.000173,-0.004595,-0.005501,-0.001769,0.01676,-0.023375,-1.375856,0.039506,0.041476,-0.0289,0.106122,0.957209,0.269234,-0.586766,-0.158312,0.79413,0.802772,-0.242252,0.544857,-8.8e-05,-0.002407,-0.002881,-0.001772,0.016752,-0.023383,-0.920267,0.061241,0.034009,-0.06857,0.089343,0.469887,-0.878193,-0.656441,0.690899,0.30289,0.749067,0.549422,0.37018,0.000484,0.00672,-0.002726,0.36261,0.969609,0.101819,-0.239403
